1 28 1
2 3 1
2 4 1
2 5 1
2 6 1
2 7 1
2 8 1
2 9 1
2 10 1
3 4 1
3 5 1
3 6 1
3 7 1
3 8 1
3 9 1
3 10 1
3 1626 1
3 1633 1
4 5 1
4 6 1
4 7 1
4 8 1
4 9 1
4 10 1
5 6 1
5 7 1
5 8 1
5 9 1
5 10 1
6 7 1
6 8 1
6 9 1
6 10 1
7 8 1
7 9 1
7 10 1
8 9 1
8 10 1
9 10 1
11 12 1
11 13 1
11 14 1
12 13 1
12 14 1
13 14 1
15 16 1
15 89 1
15 90 1
16 89 1
16 90 1
17 18 1
17 19 1
17 20 1
17 21 1
18 19 1
18 20 1
18 21 1
19 20 1
19 21 1
20 21 1
22 23 1
22 24 1
22 25 1
23 24 1
23 25 1
24 25 1
26 1 1
26 27 1
26 28 1
27 1 1
27 28 1
29 30 1
30 85 1
31 32 1
31 273 1
31 274 1
31 275 1
33 34 1
33 35 1
34 35 1
36 37 1
36 38 1
36 39 1
36 40 1
36 41 1
37 38 1
37 39 1
37 40 1
37 41 1
38 39 1
38 40 1
38 41 1
39 40 1
39 41 1
40 41 1
42 43 1
42 44 1
43 44 1
43 511 1
45 46 1
45 47 1
46 47 1
48 49 1
48 50 1
49 50 1
52 53 1
52 54 1
52 55 1
52 56 1
52 57 1
53 54 1
53 55 1
53 56 1
53 57 1
54 55 1
54 56 1
54 57 1
55 56 1
55 57 1
56 57 1
58 59 1
58 63 1
58 267 1
58 752 1
58 754 1
59 63 1
60 61 1
60 62 1
61 62 1
63 267 1
63 752 1
63 754 1
63 1378 1
63 1379 1
63 1380 1
64 50 1
65 66 1
65 67 1
66 67 1
68 69 1
70 71 1
71 3 1
72 73 1
72 74 1
73 74 1
75 76 1
75 1314 1
75 1315 1
75 1316 1
77 78 1
77 79 1
77 80 1
77 81 1
78 79 1
78 80 1
78 81 1
79 80 1
79 81 1
80 81 1
82 30 1
82 83 1
82 84 1
82 85 1
83 30 1
83 84 1
83 85 1
84 30 1
84 85 1
86 87 1
86 88 1
87 88 1
89 90 1
91 167 1
91 284 1
91 285 1
92 93 1
92 94 1
92 95 1
92 96 1
92 97 1
92 98 1
93 94 1
93 95 1
93 96 1
93 97 1
93 98 1
94 95 1
94 96 1
94 97 1
94 98 1
95 96 1
95 97 1
95 98 1
96 97 1
96 98 1
97 98 1
99 100 1
99 101 1
99 102 1
100 101 1
100 102 1
100 134 1
100 293 1
101 102 1
102 293 1
103 104 1
103 105 1
103 106 1
103 107 1
103 107 1
103 108 1
103 109 1
103 112 1
103 264 1
103 265 1
103 266 1
103 267 1
103 554 1
103 857 1
103 1471 1
103 1472 1
103 1477 1
103 1478 1
103 1479 1
103 1481 1
103 1482 1
103 1483 1
104 105 1
104 106 1
104 107 1
105 106 1
105 107 1
106 107 1
106 716 1
106 717 1
107 112 1
107 716 1
107 717 1
108 107 1
108 109 1
108 110 1
108 111 1
108 112 1
108 113 1
108 114 1
109 107 1
109 110 1
109 111 1
109 112 1
109 113 1
109 114 1
109 554 1
110 106 1
110 107 1
110 111 1
110 112 1
110 113 1
110 114 1
110 715 1
110 716 1
110 717 1
111 107 1
111 112 1
111 113 1
111 114 1
112 106 1
112 107 1
112 110 1
112 113 1
112 114 1
112 265 1
112 715 1
112 716 1
112 717 1
112 1481 1
112 1482 1
112 1483 1
113 106 1
113 107 1
113 114 1
113 715 1
113 716 1
113 717 1
114 107 1
115 91 1
117 118 1
117 119 1
117 120 1
118 119 1
118 120 1
119 120 1
121 122 1
121 123 1
121 124 1
121 125 1
122 123 1
122 124 1
122 125 1
123 124 1
123 125 1
123 305 1
123 306 1
123 307 1
123 308 1
123 309 1
124 125 1
125 165 1
126 127 1
128 129 1
128 130 1
128 131 1
128 132 1
128 133 1
129 130 1
129 131 1
129 132 1
129 133 1
130 131 1
130 132 1
130 133 1
131 132 1
131 133 1
131 861 1
131 862 1
131 863 1
131 864 1
132 133 1
134 102 1
135 136 1
135 137 1
135 138 1
135 139 1
135 140 1
135 141 1
135 142 1
135 143 1
136 137 1
136 138 1
136 139 1
136 140 1
136 141 1
136 142 1
136 143 1
137 138 1
137 139 1
137 140 1
137 141 1
137 142 1
137 143 1
138 139 1
138 140 1
138 141 1
138 142 1
138 143 1
139 140 1
139 141 1
139 142 1
139 143 1
140 141 1
140 142 1
140 143 1
141 142 1
141 143 1
142 143 1
144 145 1
145 594 1
145 595 1
146 147 1
146 148 1
146 149 1
146 150 1
146 151 1
146 152 1
146 159 1
146 160 1
147 148 1
147 149 1
147 150 1
147 151 1
147 152 1
147 159 1
147 160 1
148 149 1
148 150 1
148 151 1
148 152 1
148 159 1
148 160 1
149 150 1
149 151 1
149 152 1
149 159 1
149 160 1
150 151 1
150 152 1
150 160 1
151 152 1
151 160 1
153 145 1
153 154 1
154 145 1
155 156 1
155 157 1
155 158 1
156 157 1
156 158 1
157 158 1
159 150 1
159 151 1
159 160 1
161 63 1
161 162 1
161 163 1
162 63 1
162 163 1
163 63 1
164 125 1
164 165 1
166 91 1
166 167 1
168 169 1
168 170 1
168 171 1
169 170 1
169 171 1
170 171 1
172 173 1
172 174 1
172 175 1
172 176 1
172 177 1
172 178 1
173 174 1
173 175 1
173 176 1
173 177 1
173 178 1
174 175 1
174 176 1
174 177 1
174 178 1
175 176 1
175 177 1
175 178 1
176 177 1
176 178 1
177 178 1
179 91 1
179 180 1
180 91 1
181 182 1
181 183 1
181 184 1
181 185 1
181 186 1
181 187 1
181 189 1
181 190 1
181 191 1
181 192 1
181 209 1
181 210 1
181 211 1
182 183 1
182 184 1
182 185 1
182 186 1
182 187 1
183 184 1
183 185 1
183 186 1
183 187 1
183 189 1
183 190 1
183 210 1
184 185 1
184 186 1
184 187 1
185 186 1
185 187 1
186 187 1
187 190 1
188 181 1
188 183 1
188 187 1
188 189 1
188 190 1
189 187 1
189 190 1
189 210 1
190 213 1
191 181 1
191 190 1
191 192 1
191 198 1
191 199 1
191 210 1
191 211 1
191 213 1
192 191 1
192 209 1
192 210 1
192 211 1
193 194 1
193 195 1
193 196 1
194 195 1
194 196 1
194 196 1
194 205 1
194 206 1
195 196 1
197 191 1
197 198 1
197 199 1
198 191 1
198 199 1
198 199 1
198 214 1
198 215 1
198 216 1
198 217 1
198 218 1
199 191 1
203 194 1
203 196 1
203 205 1
203 206 1
205 196 1
205 206 1
206 196 1
209 191 1
209 210 1
209 211 1
210 211 1
214 215 1
214 216 1
214 217 1
214 218 1
215 216 1
215 217 1
215 218 1
216 217 1
216 218 1
217 218 1
219 220 1
219 221 1
219 222 1
219 223 1
219 224 1
219 269 1
220 219 1
220 221 1
220 222 1
220 223 1
220 224 1
220 255 1
220 256 1
220 257 1
220 262 1
220 269 1
220 276 1
221 222 1
221 223 1
221 224 1
222 223 1
222 224 1
222 255 1
222 256 1
222 257 1
222 262 1
222 276 1
223 222 1
223 224 1
223 255 1
223 256 1
223 257 1
223 262 1
223 276 1
224 257 1
225 226 1
225 227 1
226 227 1
226 757 1
228 229 1
230 231 1
230 232 1
230 233 1
231 232 1
231 233 1
232 233 1
234 235 1
236 237 1
236 238 1
236 239 1
237 238 1
237 239 1
238 239 1
240 241 1
240 242 1
240 243 1
241 242 1
241 243 1
242 243 1
244 245 1
246 247 1
246 248 1
246 249 1
246 250 1
246 251 1
246 252 1
246 253 1
246 254 1
247 248 1
247 249 1
247 250 1
247 251 1
247 252 1
247 253 1
247 254 1
248 249 1
248 250 1
248 251 1
248 252 1
248 253 1
248 254 1
249 250 1
249 251 1
249 252 1
249 253 1
249 254 1
250 251 1
250 252 1
250 253 1
250 254 1
251 252 1
251 253 1
251 254 1
252 253 1
252 254 1
253 254 1
255 224 1
255 256 1
255 257 1
255 276 1
256 224 1
256 257 1
259 260 1
259 261 1
260 261 1
262 224 1
264 107 1
264 112 1
264 265 1
264 266 1
264 267 1
264 1481 1
264 1482 1
264 1483 1
265 107 1
265 266 1
265 267 1
266 107 1
266 267 1
267 107 1
267 754 1
269 223 1
270 271 1
270 272 1
271 272 1
273 274 1
273 275 1
274 275 1
277 278 1
277 279 1
277 280 1
278 279 1
278 280 1
279 280 1
281 91 1
281 282 1
281 283 1
281 284 1
281 285 1
282 91 1
282 283 1
282 284 1
282 284 1
282 285 1
282 288 1
282 289 1
282 290 1
282 291 1
282 297 1
282 302 1
282 303 1
282 322 1
282 323 1
282 326 1
282 340 1
282 348 1
282 359 1
283 91 1
283 284 1
283 285 1
284 285 1
286 282 1
286 284 1
286 288 1
286 289 1
286 290 1
286 291 1
288 282 1
288 284 1
288 289 1
288 290 1
288 291 1
288 348 1
289 284 1
289 290 1
289 291 1
290 284 1
290 291 1
291 284 1
294 282 1
294 282 1
294 284 1
294 284 1
294 295 1
294 295 1
294 296 1
294 296 1
294 297 1
294 297 1
294 300 1
294 302 1
294 303 1
294 320 1
294 322 1
294 323 1
294 325 1
294 326 1
294 350 1
295 282 1
295 284 1
295 284 1
295 296 1
295 297 1
295 302 1
295 303 1
296 282 1
296 284 1
296 284 1
296 297 1
296 350 1
297 284 1
297 284 1
297 322 1
297 323 1
298 282 1
298 284 1
298 294 1
298 295 1
298 296 1
298 300 1
298 302 1
298 303 1
298 350 1
300 282 1
300 284 1
300 295 1
300 302 1
300 303 1
302 284 1
302 303 1
303 284 1
304 123 1
304 305 1
304 306 1
304 307 1
304 308 1
304 309 1
304 316 1
304 317 1
304 318 1
304 319 1
304 360 1
304 361 1
304 362 1
304 363 1
305 306 1
305 307 1
305 308 1
305 309 1
306 307 1
306 308 1
306 309 1
307 308 1
307 309 1
308 309 1
308 363 1
310 311 1
312 313 1
312 314 1
312 315 1
313 314 1
313 315 1
313 1114 1
313 1115 1
313 1116 1
313 1122 1
313 1124 1
314 315 1
316 308 1
316 317 1
316 318 1
316 319 1
316 360 1
316 361 1
316 362 1
316 363 1
317 308 1
317 308 1
317 318 1
317 319 1
317 337 1
317 338 1
317 361 1
317 362 1
317 363 1
318 308 1
318 319 1
319 308 1
320 282 1
320 284 1
320 297 1
320 322 1
320 323 1
322 284 1
322 323 1
323 284 1
324 282 1
324 294 1
324 325 1
324 326 1
324 340 1
324 359 1
325 282 1
325 326 1
327 328 1
327 329 1
327 330 1
327 331 1
327 332 1
328 329 1
328 330 1
328 331 1
328 332 1
329 330 1
329 331 1
329 332 1
330 331 1
330 332 1
331 332 1
333 334 1
335 308 1
335 317 1
335 337 1
335 338 1
337 308 1
337 338 1
338 308 1
341 342 1
341 343 1
341 344 1
341 345 1
342 343 1
342 344 1
342 345 1
342 1769 1
342 1770 1
343 344 1
343 345 1
344 345 1
346 183 1
346 189 1
346 210 1
347 282 1
347 284 1
347 286 1
347 288 1
347 348 1
348 284 1
350 282 1
350 284 1
351 352 1
351 353 1
351 354 1
352 353 1
352 354 1
353 354 1
355 356 1
355 357 1
356 357 1
358 91 1
360 308 1
360 317 1
360 361 1
360 362 1
360 363 1
361 308 1
361 362 1
361 363 1
362 308 1
362 363 1
364 267 1
365 366 1
365 367 1
365 368 1
365 369 1
365 370 1
366 367 1
366 368 1
366 369 1
366 370 1
367 368 1
367 369 1
367 370 1
368 369 1
368 370 1
368 371 1
369 370 1
371 366 1
371 368 1
371 370 1
371 432 1
371 433 1
371 434 1
372 373 1
374 375 1
374 376 1
374 377 1
374 378 1
374 379 1
375 376 1
375 377 1
375 378 1
375 379 1
375 428 1
375 429 1
376 377 1
376 378 1
376 379 1
377 378 1
377 379 1
378 379 1
378 422 1
379 378 1
379 422 1
380 381 1
380 382 1
381 382 1
384 385 1
384 386 1
384 387 1
385 386 1
385 387 1
385 582 1
385 583 1
386 387 1
388 389 1
388 390 1
388 391 1
388 392 1
388 393 1
388 394 1
388 424 1
389 390 1
389 391 1
389 392 1
389 393 1
389 394 1
389 424 1
390 391 1
390 392 1
390 393 1
390 394 1
391 392 1
391 393 1
391 394 1
392 393 1
392 394 1
393 394 1
394 604 1
394 605 1
394 606 1
395 396 1
395 877 1
395 878 1
397 398 1
397 399 1
397 400 1
397 408 1
398 397 1
398 399 1
398 400 1
398 408 1
398 1664 1
399 400 1
401 402 1
401 403 1
401 404 1
401 405 1
402 403 1
402 404 1
402 405 1
403 404 1
403 405 1
404 405 1
406 21 1
406 407 1
407 21 1
408 400 1
408 409 1
409 400 1
410 411 1
410 412 1
410 413 1
410 414 1
410 415 1
410 416 1
410 417 1
411 3 1
411 412 1
411 413 1
411 414 1
411 415 1
411 416 1
411 417 1
411 1626 1
411 1631 1
411 1632 1
411 1633 1
412 413 1
412 414 1
412 415 1
412 416 1
412 417 1
413 414 1
413 415 1
413 416 1
413 417 1
414 415 1
414 416 1
414 417 1
415 416 1
415 417 1
416 417 1
418 419 1
420 378 1
420 379 1
420 421 1
420 422 1
421 378 1
421 379 1
421 422 1
423 388 1
423 389 1
423 394 1
423 424 1
424 394 1
425 375 1
425 378 1
425 379 1
426 375 1
426 379 1
426 427 1
426 428 1
426 429 1
427 375 1
427 379 1
427 428 1
427 429 1
428 379 1
428 429 1
429 379 1
430 370 1
430 431 1
431 370 1
432 370 1
432 433 1
432 434 1
433 370 1
433 434 1
434 370 1
435 436 1
435 437 1
435 438 1
435 439 1
435 440 1
435 441 1
436 437 1
436 438 1
436 439 1
436 440 1
436 441 1
437 438 1
437 439 1
437 440 1
437 441 1
438 439 1
438 440 1
438 441 1
439 440 1
439 441 1
440 441 1
443 444 1
445 446 1
445 447 1
446 447 1
448 397 1
448 398 1
448 400 1
448 408 1
449 450 1
449 451 1
450 451 1
452 453 1
452 454 1
452 455 1
452 456 1
452 457 1
452 458 1
452 459 1
452 460 1
452 461 1
452 462 1
452 463 1
452 506 1
452 517 1
452 547 1
452 548 1
452 549 1
453 454 1
453 455 1
453 456 1
453 457 1
453 458 1
453 459 1
453 460 1
453 461 1
453 462 1
453 463 1
453 514 1
453 517 1
453 517 1
453 544 1
453 545 1
454 455 1
454 456 1
454 457 1
454 458 1
454 459 1
454 460 1
454 461 1
454 462 1
454 463 1
454 514 1
454 544 1
454 545 1
455 456 1
455 457 1
455 458 1
455 459 1
455 460 1
455 461 1
455 462 1
455 463 1
456 457 1
456 458 1
456 459 1
456 460 1
456 461 1
456 462 1
456 463 1
457 458 1
457 459 1
457 460 1
457 461 1
457 462 1
457 463 1
458 453 1
458 459 1
458 460 1
458 461 1
458 462 1
458 463 1
458 468 1
458 517 1
459 460 1
459 461 1
459 462 1
459 463 1
460 461 1
460 462 1
460 463 1
461 462 1
461 463 1
462 463 1
463 462 1
464 465 1
464 466 1
464 467 1
464 468 1
464 469 1
464 470 1
464 471 1
464 472 1
465 466 1
465 467 1
465 468 1
465 469 1
465 470 1
465 471 1
465 472 1
466 467 1
466 468 1
466 469 1
466 470 1
466 471 1
466 472 1
467 468 1
467 469 1
467 470 1
467 471 1
467 472 1
468 453 1
468 469 1
468 470 1
468 471 1
468 472 1
468 517 1
468 1627 1
468 1628 1
468 1629 1
468 1630 1
469 470 1
469 471 1
469 472 1
470 471 1
470 472 1
471 472 1
473 474 1
473 475 1
473 476 1
473 546 1
474 475 1
474 476 1
475 476 1
477 462 1
477 463 1
477 478 1
477 479 1
478 462 1
478 463 1
478 479 1
479 462 1
479 463 1
479 518 1
480 481 1
480 482 1
480 483 1
480 484 1
480 485 1
480 486 1
480 487 1
481 482 1
481 483 1
481 484 1
481 485 1
481 486 1
481 487 1
482 483 1
482 484 1
482 485 1
482 486 1
482 487 1
483 484 1
483 485 1
483 486 1
483 487 1
484 485 1
484 486 1
484 487 1
485 486 1
485 487 1
486 487 1
488 489 1
488 490 1
489 490 1
491 492 1
491 493 1
491 494 1
491 495 1
492 493 1
492 494 1
492 495 1
493 494 1
493 495 1
494 495 1
495 494 1
495 532 1
496 497 1
496 498 1
497 498 1
499 469 1
499 500 1
499 501 1
499 501 1
499 502 1
499 503 1
499 504 1
499 505 1
499 539 1
499 540 1
500 469 1
500 501 1
500 501 1
500 502 1
500 503 1
500 504 1
500 505 1
500 539 1
500 540 1
500 542 1
501 469 1
501 502 1
501 503 1
501 504 1
501 505 1
501 539 1
501 540 1
502 503 1
502 504 1
502 505 1
503 469 1
503 501 1
503 504 1
503 505 1
503 539 1
503 540 1
503 542 1
504 505 1
506 455 1
506 456 1
507 43 1
507 508 1
507 509 1
507 510 1
507 511 1
507 531 1
508 43 1
508 509 1
508 510 1
508 511 1
509 43 1
509 510 1
509 511 1
510 43 1
510 511 1
512 453 1
512 458 1
512 468 1
512 513 1
512 514 1
512 515 1
512 516 1
512 517 1
513 453 1
513 458 1
513 468 1
513 514 1
513 515 1
513 516 1
513 517 1
514 453 1
514 458 1
514 468 1
514 515 1
514 516 1
514 517 1
514 544 1
514 545 1
515 453 1
515 458 1
515 468 1
515 516 1
515 517 1
516 453 1
516 458 1
516 468 1
516 517 1
519 520 1
521 522 1
521 523 1
521 524 1
521 525 1
521 526 1
521 527 1
521 528 1
521 529 1
521 530 1
522 523 1
522 524 1
522 525 1
522 526 1
522 527 1
522 528 1
522 529 1
522 530 1
523 524 1
523 525 1
523 526 1
523 527 1
523 528 1
523 529 1
523 530 1
524 525 1
524 526 1
524 527 1
524 528 1
524 529 1
524 530 1
525 526 1
525 527 1
525 528 1
525 529 1
525 530 1
526 527 1
526 528 1
526 529 1
526 530 1
527 528 1
527 529 1
527 530 1
528 529 1
528 530 1
529 530 1
531 511 1
532 494 1
533 534 1
533 535 1
534 535 1
536 469 1
536 499 1
536 500 1
536 501 1
536 503 1
536 537 1
536 539 1
536 540 1
536 542 1
537 469 1
537 499 1
537 500 1
537 501 1
537 503 1
537 539 1
537 540 1
539 469 1
539 540 1
540 469 1
540 542 1
541 500 1
541 503 1
541 536 1
541 540 1
541 542 1
543 453 1
543 454 1
543 514 1
543 544 1
543 545 1
544 545 1
546 474 1
546 476 1
547 453 1
547 517 1
547 548 1
547 549 1
548 453 1
548 517 1
548 549 1
549 453 1
549 517 1
551 552 1
551 553 1
551 554 1
551 555 1
552 553 1
552 554 1
552 555 1
553 554 1
553 555 1
554 555 1
556 557 1
556 558 1
556 559 1
557 558 1
557 559 1
557 562 1
557 563 1
557 564 1
557 565 1
557 566 1
557 588 1
557 589 1
557 590 1
558 557 1
558 559 1
558 560 1
558 561 1
558 562 1
558 563 1
558 564 1
558 565 1
558 566 1
558 588 1
558 589 1
558 590 1
559 557 1
559 560 1
559 561 1
559 562 1
559 563 1
559 564 1
559 565 1
559 566 1
559 588 1
559 589 1
559 590 1
559 621 1
560 557 1
560 561 1
560 562 1
560 563 1
560 564 1
561 557 1
561 560 1
561 562 1
561 563 1
561 564 1
562 563 1
562 564 1
562 566 1
563 562 1
563 564 1
563 566 1
563 590 1
564 649 1
564 650 1
564 651 1
564 652 1
564 653 1
565 562 1
565 563 1
565 564 1
565 566 1
566 564 1
567 568 1
567 569 1
567 570 1
567 571 1
568 569 1
568 570 1
568 571 1
569 570 1
569 571 1
570 571 1
572 573 1
572 574 1
572 575 1
572 576 1
572 577 1
572 578 1
572 579 1
573 574 1
573 575 1
573 576 1
573 577 1
573 578 1
573 579 1
574 575 1
574 576 1
574 577 1
574 578 1
574 579 1
575 576 1
575 577 1
575 578 1
575 579 1
575 1534 1
575 1535 1
576 577 1
576 578 1
576 579 1
577 578 1
577 579 1
578 579 1
580 385 1
580 581 1
580 582 1
580 583 1
581 385 1
581 582 1
581 583 1
582 583 1
584 585 1
584 586 1
584 587 1
585 586 1
585 587 1
586 587 1
588 563 1
588 564 1
588 589 1
588 590 1
589 563 1
589 564 1
589 590 1
590 564 1
591 145 1
591 592 1
591 594 1
591 595 1
592 145 1
592 594 1
592 595 1
594 595 1
596 597 1
598 599 1
598 600 1
598 601 1
599 600 1
599 601 1
600 601 1
602 394 1
602 603 1
602 604 1
602 605 1
602 606 1
602 1230 1
602 1231 1
602 1232 1
602 1233 1
603 394 1
603 604 1
603 605 1
603 606 1
604 605 1
604 606 1
605 606 1
607 608 1
607 609 1
607 610 1
607 611 1
607 612 1
608 609 1
608 610 1
608 611 1
608 612 1
609 610 1
609 611 1
609 612 1
610 611 1
610 612 1
611 612 1
613 614 1
613 615 1
613 616 1
613 617 1
613 618 1
613 619 1
614 615 1
614 616 1
614 617 1
614 618 1
614 619 1
615 616 1
615 617 1
615 618 1
615 619 1
616 617 1
616 618 1
616 619 1
617 618 1
617 619 1
618 619 1
620 621 1
620 622 1
620 623 1
620 624 1
621 622 1
621 623 1
621 624 1
622 623 1
622 624 1
623 624 1
625 626 1
625 627 1
626 627 1
628 629 1
628 630 1
628 631 1
628 632 1
628 633 1
629 630 1
629 631 1
629 632 1
629 633 1
630 631 1
630 632 1
630 633 1
631 632 1
631 633 1
632 633 1
634 635 1
634 636 1
634 637 1
634 638 1
634 639 1
634 640 1
634 641 1
635 636 1
635 637 1
635 638 1
635 639 1
635 640 1
635 641 1
636 637 1
636 638 1
636 639 1
636 640 1
636 641 1
636 1626 1
637 638 1
637 639 1
637 640 1
637 641 1
638 639 1
638 640 1
638 641 1
639 640 1
639 641 1
640 641 1
641 1626 1
642 643 1
642 644 1
642 645 1
643 644 1
643 645 1
644 645 1
646 647 1
646 648 1
647 648 1
649 650 1
649 651 1
649 652 1
649 653 1
650 651 1
650 652 1
650 653 1
651 652 1
651 653 1
652 653 1
654 655 1
654 656 1
654 657 1
654 658 1
654 659 1
654 660 1
654 661 1
655 656 1
655 657 1
655 658 1
655 659 1
655 660 1
655 661 1
656 657 1
656 658 1
656 659 1
656 660 1
656 661 1
657 658 1
657 659 1
657 660 1
657 661 1
658 659 1
658 660 1
658 661 1
659 660 1
659 661 1
660 661 1
662 663 1
662 664 1
663 664 1
665 666 1
665 667 1
665 668 1
665 669 1
665 670 1
665 671 1
665 672 1
665 673 1
665 698 1
665 699 1
665 700 1
665 719 1
666 667 1
666 668 1
666 669 1
666 670 1
666 671 1
666 672 1
666 673 1
667 668 1
667 669 1
667 670 1
667 671 1
667 672 1
667 673 1
668 669 1
668 670 1
668 671 1
668 672 1
668 673 1
669 670 1
669 671 1
669 672 1
669 673 1
670 671 1
670 672 1
670 673 1
671 672 1
671 673 1
672 673 1
673 700 1
674 675 1
674 676 1
674 677 1
674 678 1
675 676 1
675 677 1
675 678 1
676 677 1
676 678 1
677 678 1
678 665 1
678 673 1
678 697 1
678 698 1
678 699 1
678 700 1
680 10 1
680 681 1
680 682 1
681 10 1
681 682 1
682 10 1
683 684 1
683 685 1
683 686 1
683 687 1
684 685 1
684 686 1
684 687 1
684 1781 1
685 686 1
685 687 1
686 687 1
688 689 1
688 690 1
688 691 1
688 724 1
688 725 1
688 736 1
688 865 1
688 1575 1
688 1576 1
688 1585 1
688 1586 1
688 1587 1
689 690 1
689 691 1
690 691 1
692 693 1
692 694 1
693 694 1
695 665 1
695 673 1
695 678 1
695 696 1
695 697 1
695 698 1
695 699 1
695 700 1
696 665 1
696 673 1
696 678 1
696 697 1
696 698 1
696 699 1
696 700 1
697 665 1
697 673 1
697 698 1
697 699 1
697 700 1
698 673 1
698 699 1
698 700 1
699 673 1
699 700 1
701 702 1
701 703 1
701 704 1
701 705 1
702 703 1
702 704 1
702 705 1
703 704 1
703 705 1
704 705 1
706 707 1
706 708 1
706 709 1
707 708 1
707 709 1
707 740 1
708 709 1
710 711 1
710 712 1
710 1165 1
710 1166 1
710 1178 1
711 712 1
713 714 1
715 106 1
715 107 1
715 716 1
715 717 1
716 717 1
718 665 1
718 719 1
720 721 1
720 722 1
720 723 1
720 728 1
721 722 1
721 723 1
722 723 1
724 725 1
724 736 1
726 720 1
726 727 1
726 728 1
727 720 1
727 728 1
729 730 1
729 731 1
729 732 1
730 731 1
730 732 1
731 732 1
733 734 1
733 735 1
734 735 1
737 738 1
737 739 1
738 739 1
740 709 1
741 742 1
741 743 1
741 744 1
741 745 1
741 778 1
742 743 1
742 744 1
742 745 1
743 744 1
743 745 1
744 741 1
744 745 1
744 777 1
744 778 1
745 741 1
745 778 1
746 747 1
746 748 1
746 749 1
746 750 1
746 751 1
747 748 1
747 749 1
747 750 1
747 751 1
748 749 1
748 750 1
748 751 1
749 750 1
749 751 1
750 751 1
752 267 1
752 754 1
755 226 1
755 756 1
755 757 1
756 226 1
756 757 1
758 63 1
758 759 1
758 760 1
759 63 1
759 760 1
759 763 1
759 764 1
760 63 1
761 759 1
761 763 1
761 764 1
763 764 1
765 766 1
765 767 1
766 767 1
768 769 1
768 770 1
769 770 1
771 759 1
771 760 1
771 772 1
772 759 1
772 760 1
773 774 1
773 775 1
773 776 1
774 775 1
774 776 1
775 776 1
777 741 1
777 745 1
777 778 1
779 780 1
779 781 1
779 782 1
780 781 1
780 782 1
781 782 1
783 784 1
783 785 1
783 786 1
783 787 1
784 783 1
784 785 1
784 786 1
784 787 1
785 783 1
785 786 1
785 787 1
786 787 1
788 789 1
788 790 1
788 791 1
789 790 1
789 791 1
790 791 1
792 793 1
792 854 1
793 792 1
794 795 1
794 796 1
794 797 1
794 798 1
794 799 1
794 800 1
794 801 1
794 802 1
795 796 1
795 797 1
795 798 1
795 799 1
795 800 1
795 801 1
795 802 1
796 797 1
796 798 1
796 799 1
796 800 1
796 801 1
796 802 1
797 798 1
797 799 1
797 800 1
797 801 1
797 802 1
798 799 1
798 800 1
798 801 1
798 802 1
799 800 1
799 801 1
799 802 1
800 801 1
800 802 1
801 802 1
803 804 1
803 805 1
803 806 1
804 805 1
804 806 1
805 806 1
807 808 1
807 809 1
807 810 1
808 809 1
808 810 1
809 810 1
811 812 1
811 813 1
811 814 1
811 815 1
811 816 1
811 817 1
812 813 1
812 814 1
812 815 1
812 816 1
812 817 1
813 814 1
813 815 1
813 816 1
813 817 1
814 815 1
814 816 1
814 817 1
815 816 1
815 817 1
816 817 1
818 819 1
818 820 1
818 821 1
818 822 1
818 823 1
818 824 1
819 820 1
819 821 1
819 822 1
819 823 1
819 824 1
820 821 1
820 822 1
820 823 1
820 824 1
821 822 1
821 823 1
821 824 1
822 823 1
822 824 1
823 824 1
825 826 1
825 827 1
825 828 1
825 829 1
825 830 1
825 831 1
825 832 1
826 827 1
826 828 1
826 829 1
826 830 1
826 831 1
826 832 1
827 828 1
827 829 1
827 830 1
827 831 1
827 832 1
828 829 1
828 830 1
828 831 1
828 832 1
829 830 1
829 831 1
829 832 1
830 831 1
830 832 1
831 832 1
833 834 1
833 835 1
833 836 1
834 835 1
834 836 1
835 836 1
837 838 1
837 839 1
837 840 1
837 841 1
838 839 1
838 840 1
838 841 1
839 840 1
839 841 1
840 841 1
842 843 1
842 844 1
843 844 1
845 846 1
845 847 1
845 848 1
845 849 1
846 847 1
846 848 1
846 849 1
847 848 1
847 849 1
848 849 1
853 208 1
853 888 1
853 889 1
853 890 1
853 891 1
853 892 1
856 103 1
856 857 1
857 1476 1
857 1543 1
858 859 1
861 862 1
861 863 1
862 863 1
865 866 1
865 867 1
865 921 1
865 922 1
865 923 1
865 924 1
865 1576 1
865 1595 1
866 867 1
868 869 1
868 870 1
868 871 1
869 870 1
869 871 1
870 871 1
872 873 1
872 874 1
872 875 1
873 874 1
873 875 1
874 875 1
876 395 1
876 877 1
876 878 1
876 1577 1
876 1578 1
877 878 1
879 880 1
879 881 1
879 882 1
879 883 1
879 884 1
880 881 1
880 882 1
880 883 1
880 884 1
881 882 1
881 883 1
881 884 1
882 883 1
882 884 1
883 884 1
883 936 1
883 937 1
883 938 1
883 939 1
883 940 1
883 941 1
883 942 1
883 943 1
883 944 1
883 945 1
883 946 1
885 853 1
885 886 1
885 887 1
885 888 1
885 889 1
885 890 1
885 891 1
885 892 1
886 853 1
886 887 1
886 888 1
886 889 1
886 890 1
886 891 1
886 892 1
887 853 1
887 888 1
887 889 1
887 890 1
887 891 1
887 892 1
888 889 1
888 890 1
888 891 1
888 892 1
889 890 1
889 891 1
889 892 1
890 891 1
890 892 1
891 892 1
893 894 1
893 895 1
893 896 1
893 897 1
894 895 1
894 896 1
894 897 1
895 896 1
895 897 1
896 897 1
898 899 1
900 901 1
900 902 1
901 902 1
903 904 1
904 907 1
904 932 1
904 933 1
905 906 1
905 907 1
906 907 1
908 909 1
910 911 1
910 912 1
911 912 1
913 914 1
913 915 1
913 916 1
913 917 1
913 918 1
913 919 1
913 920 1
914 915 1
914 916 1
914 917 1
914 918 1
914 919 1
914 920 1
915 916 1
915 917 1
915 918 1
915 919 1
915 920 1
916 917 1
916 918 1
916 919 1
916 920 1
917 918 1
917 919 1
917 920 1
918 919 1
918 920 1
919 920 1
921 922 1
921 923 1
921 924 1
921 1595 1
922 923 1
922 924 1
923 924 1
925 926 1
925 927 1
926 927 1
929 930 1
931 904 1
931 907 1
931 932 1
931 933 1
932 907 1
932 933 1
933 907 1
934 883 1
934 936 1
934 937 1
934 938 1
934 939 1
934 940 1
934 941 1
934 942 1
934 943 1
934 944 1
934 945 1
934 946 1
936 937 1
936 938 1
936 939 1
936 940 1
936 941 1
936 942 1
936 943 1
936 944 1
936 945 1
936 946 1
937 938 1
937 939 1
937 940 1
937 941 1
937 942 1
937 943 1
937 944 1
937 945 1
937 946 1
938 939 1
938 940 1
938 941 1
938 942 1
938 943 1
938 944 1
938 945 1
938 946 1
939 940 1
939 941 1
939 942 1
939 943 1
939 944 1
939 945 1
939 946 1
940 941 1
940 942 1
940 943 1
940 944 1
940 945 1
940 946 1
941 942 1
941 943 1
941 944 1
941 945 1
941 946 1
942 943 1
942 944 1
942 945 1
942 946 1
943 944 1
943 945 1
943 946 1
944 945 1
944 946 1
945 946 1
948 949 1
948 950 1
948 951 1
949 950 1
949 951 1
950 951 1
951 948 1
952 953 1
954 955 1
954 956 1
954 957 1
954 958 1
954 959 1
954 960 1
954 961 1
955 956 1
955 957 1
955 958 1
955 959 1
955 960 1
955 961 1
956 957 1
956 958 1
956 959 1
956 960 1
956 961 1
957 958 1
957 959 1
957 960 1
957 961 1
958 959 1
958 960 1
958 961 1
959 960 1
959 961 1
960 961 1
962 963 1
962 964 1
962 965 1
962 966 1
962 967 1
962 975 1
963 964 1
963 965 1
963 966 1
963 967 1
964 965 1
964 966 1
964 967 1
964 975 1
965 966 1
965 967 1
966 967 1
969 970 1
969 971 1
970 971 1
972 973 1
972 974 1
973 974 1
977 978 1
977 979 1
977 980 1
977 981 1
978 979 1
978 980 1
978 981 1
979 980 1
979 981 1
980 981 1
982 983 1
982 984 1
982 985 1
982 986 1
982 987 1
983 984 1
983 985 1
983 986 1
983 987 1
984 985 1
984 986 1
984 987 1
985 986 1
985 987 1
985 995 1
986 987 1
988 989 1
988 990 1
989 990 1
991 987 1
991 992 1
992 987 1
993 985 1
993 994 1
993 995 1
994 985 1
994 995 1
996 997 1
996 998 1
996 999 1
996 1000 1
996 1001 1
997 998 1
997 999 1
997 1000 1
997 1001 1
998 999 1
998 1000 1
998 1001 1
999 1000 1
999 1001 1
1000 1001 1
1002 1003 1
1002 1004 1
1003 1004 1
1005 1006 1
1005 1007 1
1006 1007 1
1008 1007 1
1008 1009 1
1009 1007 1
1010 1011 1
1010 1012 1
1010 1013 1
1010 1014 1
1010 1015 1
1010 1016 1
1011 1012 1
1011 1013 1
1011 1014 1
1011 1015 1
1011 1016 1
1012 1013 1
1012 1014 1
1012 1015 1
1012 1016 1
1013 1014 1
1013 1015 1
1013 1016 1
1014 1015 1
1014 1016 1
1015 1016 1
1017 1018 1
1017 1019 1
1017 1020 1
1017 1021 1
1018 1019 1
1018 1020 1
1018 1021 1
1019 1020 1
1019 1021 1
1020 1021 1
1020 1375 1
1020 1376 1
1022 1023 1
1022 1024 1
1023 1024 1
1023 1057 1
1025 1026 1
1025 1027 1
1025 1028 1
1025 1029 1
1025 1352 1
1026 1027 1
1026 1028 1
1026 1029 1
1027 1028 1
1027 1029 1
1028 1029 1
1029 1624 1
1030 57 1
1030 1031 1
1031 57 1
1033 30 1
1033 1034 1
1033 1035 1
1033 1036 1
1033 1069 1
1033 1070 1
1033 1071 1
1033 1072 1
1034 30 1
1034 1035 1
1034 1036 1
1035 30 1
1035 1036 1
1036 30 1
1038 1039 1
1038 1040 1
1038 1041 1
1038 1042 1
1039 1040 1
1039 1041 1
1039 1042 1
1040 1041 1
1040 1042 1
1041 1042 1
1043 1044 1
1043 1045 1
1043 1046 1
1043 1047 1
1043 1048 1
1044 1045 1
1044 1046 1
1044 1047 1
1044 1048 1
1045 1046 1
1045 1047 1
1045 1048 1
1046 1047 1
1046 1048 1
1047 1048 1
1049 1050 1
1049 1051 1
1049 1052 1
1049 1053 1
1050 1051 1
1050 1052 1
1050 1053 1
1051 1052 1
1051 1053 1
1052 1053 1
1054 1055 1
1055 1066 1
1055 1067 1
1055 1068 1
1056 1023 1
1056 1057 1
1058 1059 1
1058 1060 1
1058 1061 1
1058 1062 1
1059 1060 1
1059 1061 1
1059 1062 1
1060 1061 1
1060 1062 1
1061 1062 1
1063 1055 1
1063 1064 1
1063 1065 1
1063 1066 1
1063 1067 1
1063 1068 1
1064 1055 1
1064 1065 1
1064 1066 1
1064 1067 1
1064 1068 1
1065 1055 1
1065 1066 1
1065 1067 1
1065 1068 1
1066 1067 1
1066 1068 1
1067 1068 1
1069 1070 1
1069 1071 1
1069 1072 1
1070 1071 1
1070 1072 1
1071 1072 1
1073 1074 1
1073 1075 1
1074 1075 1
1076 1044 1
1076 1046 1
1076 1047 1
1076 1077 1
1076 1078 1
1077 1044 1
1077 1046 1
1077 1047 1
1077 1078 1
1078 1044 1
1078 1046 1
1078 1047 1
1079 27 1
1079 1080 1
1079 1081 1
1080 27 1
1080 1081 1
1081 27 1
1082 1083 1
1082 1084 1
1082 1085 1
1082 1086 1
1082 1087 1
1082 1094 1
1082 1095 1
1083 1084 1
1083 1085 1
1083 1086 1
1083 1087 1
1084 1085 1
1084 1086 1
1084 1087 1
1085 1086 1
1085 1087 1
1086 1087 1
1088 1089 1
1088 1090 1
1088 1091 1
1089 1090 1
1089 1091 1
1090 1091 1
1092 76 1
1092 1093 1
1093 76 1
1094 1086 1
1094 1087 1
1094 1095 1
1095 1086 1
1095 1087 1
1096 126 1
1098 1099 1
1098 1100 1
1099 1100 1
1101 1102 1
1101 1103 1
1101 1104 1
1101 1105 1
1101 1106 1
1101 1107 1
1102 1103 1
1102 1104 1
1102 1105 1
1102 1106 1
1102 1107 1
1103 1104 1
1103 1105 1
1103 1106 1
1103 1107 1
1104 1105 1
1104 1106 1
1104 1107 1
1105 1106 1
1105 1107 1
1106 1107 1
1108 1109 1
1110 1111 1
1110 1356 1
1111 1110 1
1112 313 1
1112 1114 1
1112 1115 1
1112 1116 1
1112 1122 1
1112 1124 1
1114 1115 1
1114 1116 1
1114 1117 1
1114 1118 1
1114 1122 1
1114 1124 1
1115 1114 1
1115 1116 1
1115 1117 1
1115 1118 1
1115 1122 1
1117 1114 1
1117 1115 1
1117 1118 1
1117 1122 1
1118 1114 1
1118 1115 1
1119 1120 1
1121 1114 1
1121 1115 1
1121 1117 1
1121 1122 1
1123 63 1
1124 1115 1
1124 1122 1
1125 1126 1
1125 1127 1
1125 1128 1
1125 1167 1
1125 1169 1
1125 1381 1
1126 1127 1
1126 1128 1
1126 1167 1
1127 1128 1
1127 1381 1
1129 1130 1
1129 1131 1
1129 1132 1
1130 1131 1
1130 1132 1
1131 1132 1
1133 1134 1
1133 1135 1
1133 1136 1
1134 1135 1
1134 1136 1
1135 1136 1
1137 1138 1
1137 1139 1
1138 1139 1
1140 1141 1
1142 1143 1
1142 1144 1
1142 1145 1
1142 1146 1
1143 1144 1
1143 1145 1
1143 1146 1
1144 1145 1
1144 1146 1
1145 1146 1
1147 1148 1
1147 1149 1
1147 1150 1
1148 1149 1
1148 1150 1
1149 1150 1
1151 1150 1
1152 1153 1
1152 1154 1
1152 1155 1
1152 1156 1
1153 1154 1
1153 1155 1
1153 1156 1
1154 1155 1
1154 1156 1
1155 1156 1
1157 1158 1
1157 1159 1
1157 1160 1
1158 1159 1
1158 1160 1
1159 1160 1
1161 1162 1
1161 1163 1
1161 1164 1
1162 1163 1
1162 1164 1
1163 1164 1
1165 1166 1
1166 1178 1
1166 1183 1
1166 1184 1
1166 1185 1
1167 1127 1
1167 1128 1
1167 1169 1
1169 1127 1
1169 1128 1
1169 1381 1
1170 1171 1
1170 1180 1
1170 1206 1
1171 1692 1
1171 1724 1
1171 1725 1
1171 1726 1
1171 1727 1
1172 1173 1
1172 1174 1
1172 1175 1
1172 1176 1
1173 1174 1
1173 1175 1
1173 1176 1
1174 1175 1
1174 1176 1
1175 1176 1
1177 1166 1
1179 1170 1
1179 1180 1
1181 1166 1
1183 1184 1
1183 1185 1
1184 1185 1
1186 1187 1
1186 1188 1
1186 1189 1
1186 1277 1
1186 1278 1
1186 1279 1
1187 1188 1
1187 1189 1
1187 1277 1
1187 1278 1
1187 1279 1
1188 1189 1
1188 1279 1
1190 1172 1
1190 1191 1
1190 1192 1
1190 1193 1
1191 1172 1
1191 1192 1
1191 1193 1
1192 1172 1
1192 1193 1
1193 1172 1
1194 1195 1
1194 1196 1
1194 1197 1
1194 1198 1
1194 1199 1
1195 1196 1
1195 1197 1
1195 1198 1
1195 1199 1
1196 1197 1
1196 1198 1
1196 1199 1
1197 1198 1
1197 1199 1
1198 1199 1
1200 1201 1
1200 1202 1
1201 1202 1
1203 1204 1
1203 1205 1
1204 1205 1
1206 1170 1
1206 1180 1
1207 1208 1
1207 1209 1
1207 1210 1
1208 1209 1
1208 1210 1
1209 1210 1
1213 1214 1
1213 1215 1
1214 1215 1
1216 1217 1
1218 952 1
1218 1219 1
1218 1220 1
1219 952 1
1219 1220 1
1220 952 1
1221 1222 1
1223 1224 1
1225 1226 1
1225 1227 1
1226 1227 1
1228 602 1
1228 1229 1
1228 1230 1
1228 1231 1
1228 1232 1
1228 1233 1
1229 602 1
1229 1230 1
1229 1231 1
1229 1232 1
1229 1233 1
1230 1231 1
1230 1232 1
1230 1233 1
1231 1232 1
1231 1233 1
1232 1233 1
1234 1235 1
1234 1236 1
1234 1237 1
1234 1238 1
1234 1239 1
1234 1240 1
1234 1241 1
1235 1236 1
1235 1237 1
1235 1238 1
1235 1239 1
1235 1240 1
1235 1241 1
1236 1237 1
1236 1238 1
1236 1239 1
1236 1240 1
1236 1241 1
1237 1238 1
1237 1239 1
1237 1240 1
1237 1241 1
1238 1239 1
1238 1240 1
1238 1241 1
1239 1240 1
1239 1241 1
1240 1241 1
1242 1243 1
1242 1244 1
1242 1245 1
1242 1246 1
1242 1247 1
1243 1244 1
1243 1245 1
1243 1246 1
1243 1247 1
1244 1245 1
1244 1246 1
1244 1247 1
1245 1246 1
1245 1247 1
1246 1247 1
1248 1249 1
1248 1250 1
1248 1251 1
1248 1252 1
1248 1253 1
1248 1254 1
1249 1250 1
1249 1251 1
1249 1252 1
1249 1253 1
1249 1254 1
1250 1251 1
1250 1252 1
1250 1253 1
1250 1254 1
1251 1252 1
1251 1253 1
1251 1254 1
1252 1253 1
1252 1254 1
1253 1254 1
1255 1256 1
1255 1257 1
1255 1258 1
1255 1259 1
1255 1260 1
1255 1261 1
1256 1257 1
1256 1258 1
1256 1259 1
1256 1260 1
1256 1261 1
1257 1258 1
1257 1259 1
1257 1260 1
1257 1261 1
1258 1259 1
1258 1260 1
1258 1261 1
1259 1260 1
1259 1261 1
1260 1261 1
1262 1263 1
1262 1264 1
1263 1264 1
1265 1266 1
1265 1267 1
1265 1268 1
1265 1269 1
1265 1270 1
1265 1271 1
1265 1272 1
1266 1267 1
1266 1268 1
1266 1269 1
1266 1270 1
1266 1271 1
1266 1272 1
1267 1268 1
1267 1269 1
1267 1270 1
1267 1271 1
1267 1272 1
1268 1269 1
1268 1270 1
1268 1271 1
1268 1272 1
1269 1270 1
1269 1271 1
1269 1272 1
1270 1271 1
1270 1272 1
1271 1272 1
1273 1274 1
1273 1275 1
1273 1276 1
1274 1275 1
1274 1276 1
1275 1276 1
1277 1188 1
1277 1189 1
1277 1278 1
1277 1279 1
1278 1188 1
1278 1189 1
1278 1279 1
1279 1189 1
1280 1281 1
1280 1282 1
1280 1283 1
1280 1284 1
1280 1285 1
1280 1286 1
1281 1282 1
1281 1283 1
1281 1284 1
1281 1285 1
1281 1286 1
1282 1283 1
1282 1284 1
1282 1285 1
1282 1286 1
1283 1284 1
1283 1285 1
1283 1286 1
1284 1285 1
1284 1286 1
1285 1286 1
1287 1288 1
1287 1289 1
1287 1290 1
1287 1291 1
1287 1292 1
1287 1299 1
1287 1300 1
1287 1301 1
1287 1302 1
1287 1303 1
1287 1304 1
1287 1305 1
1288 1289 1
1288 1290 1
1288 1291 1
1288 1292 1
1289 1290 1
1289 1291 1
1289 1292 1
1290 1291 1
1290 1292 1
1291 1292 1
1293 1294 1
1293 1295 1
1293 1296 1
1293 1297 1
1293 1298 1
1294 1295 1
1294 1296 1
1294 1297 1
1294 1298 1
1295 1296 1
1295 1297 1
1295 1298 1
1296 1297 1
1296 1298 1
1297 1298 1
1299 1300 1
1299 1301 1
1299 1302 1
1299 1303 1
1299 1304 1
1299 1305 1
1300 1301 1
1300 1302 1
1300 1303 1
1300 1304 1
1300 1305 1
1301 1302 1
1301 1303 1
1301 1304 1
1301 1305 1
1302 1303 1
1302 1304 1
1302 1305 1
1303 1304 1
1303 1305 1
1304 1305 1
1307 1025 1
1307 1341 1
1307 1342 1
1307 1345 1
1307 1346 1
1307 1347 1
1307 1348 1
1307 1352 1
1307 1353 1
1307 1354 1
1307 1355 1
1308 1309 1
1308 1310 1
1308 1311 1
1308 1312 1
1309 1310 1
1309 1311 1
1309 1312 1
1310 1311 1
1310 1312 1
1311 1312 1
1313 75 1
1313 1314 1
1313 1315 1
1313 1316 1
1314 1315 1
1314 1316 1
1315 1316 1
1318 1319 1
1318 1320 1
1318 1321 1
1318 1322 1
1319 1320 1
1319 1321 1
1319 1322 1
1320 1321 1
1320 1322 1
1321 1322 1
1323 210 1
1323 1324 1
1324 210 1
1326 1327 1
1326 1328 1
1326 1329 1
1326 1330 1
1326 1331 1
1327 1328 1
1327 1329 1
1327 1330 1
1327 1331 1
1328 1329 1
1328 1330 1
1328 1331 1
1329 1330 1
1329 1331 1
1330 1331 1
1332 1333 1
1332 1334 1
1333 1334 1
1335 1336 1
1335 1337 1
1335 1338 1
1335 1339 1
1336 1337 1
1336 1338 1
1336 1339 1
1337 1338 1
1337 1339 1
1338 1339 1
1341 1025 1
1341 1342 1
1342 1025 1
1342 1352 1
1343 1344 1
1345 1346 1
1345 1347 1
1345 1348 1
1346 1347 1
1346 1348 1
1347 1307 1
1347 1348 1
1347 1353 1
1347 1354 1
1347 1355 1
1348 1307 1
1348 1353 1
1348 1354 1
1348 1355 1
1349 1350 1
1351 1362 1
1351 1364 1
1353 1354 1
1353 1355 1
1354 1355 1
1357 1358 1
1357 1359 1
1357 1360 1
1357 1361 1
1358 1359 1
1358 1360 1
1358 1361 1
1359 1360 1
1359 1361 1
1360 1361 1
1363 1111 1
1365 1366 1
1365 1367 1
1366 1367 1
1368 1369 1
1368 1370 1
1368 1371 1
1369 1370 1
1369 1371 1
1370 1371 1
1372 1020 1
1372 1373 1
1372 1374 1
1372 1375 1
1372 1376 1
1373 1020 1
1373 1374 1
1373 1375 1
1373 1376 1
1373 1384 1
1374 1020 1
1374 1375 1
1374 1376 1
1375 1376 1
1378 1379 1
1378 1380 1
1379 1380 1
1381 1128 1
1382 1373 1
1382 1384 1
1385 1386 1
1385 1387 1
1386 1387 1
1388 1389 1
1388 1390 1
1389 1390 1
1391 1392 1
1393 1394 1
1393 1395 1
1394 1395 1
1396 38 1
1396 1397 1
1397 38 1
1398 1399 1
1398 1400 1
1398 1401 1
1398 1402 1
1398 1403 1
1398 1404 1
1398 1405 1
1398 1406 1
1398 1407 1
1399 1400 1
1399 1401 1
1399 1402 1
1399 1403 1
1399 1404 1
1399 1405 1
1399 1406 1
1399 1407 1
1400 1401 1
1400 1402 1
1400 1403 1
1400 1404 1
1400 1405 1
1400 1406 1
1400 1407 1
1401 1402 1
1401 1403 1
1401 1404 1
1401 1405 1
1401 1406 1
1401 1407 1
1402 1403 1
1402 1404 1
1402 1405 1
1402 1406 1
1402 1407 1
1403 1404 1
1403 1405 1
1403 1406 1
1403 1407 1
1404 1405 1
1404 1406 1
1404 1407 1
1405 1406 1
1405 1407 1
1406 1407 1
1408 1409 1
1408 1410 1
1409 1410 1
1412 323 1
1412 1413 1
1412 1414 1
1412 1415 1
1413 323 1
1413 1414 1
1413 1415 1
1414 323 1
1414 1415 1
1415 323 1
1418 1419 1
1418 1420 1
1418 1421 1
1419 1420 1
1419 1421 1
1420 1421 1
1422 1423 1
1422 1424 1
1422 1425 1
1422 1426 1
1422 1427 1
1422 1428 1
1423 1424 1
1423 1425 1
1423 1426 1
1423 1427 1
1423 1428 1
1424 1425 1
1424 1426 1
1424 1427 1
1424 1428 1
1425 1426 1
1425 1427 1
1425 1428 1
1426 1427 1
1426 1428 1
1427 1428 1
1429 1430 1
1429 1431 1
1429 1432 1
1429 1433 1
1429 1434 1
1429 1435 1
1429 1436 1
1429 1437 1
1429 1438 1
1429 1439 1
1429 1440 1
1429 1441 1
1429 1442 1
1429 1443 1
1429 1444 1
1429 1445 1
1429 1446 1
1429 1447 1
1429 1448 1
1430 1431 1
1430 1432 1
1430 1433 1
1430 1434 1
1430 1435 1
1430 1436 1
1430 1437 1
1430 1438 1
1430 1439 1
1430 1440 1
1430 1441 1
1430 1442 1
1430 1443 1
1430 1444 1
1430 1445 1
1430 1446 1
1430 1447 1
1430 1448 1
1431 1432 1
1431 1433 1
1431 1434 1
1431 1435 1
1431 1436 1
1431 1437 1
1431 1438 1
1431 1439 1
1431 1440 1
1431 1441 1
1431 1442 1
1431 1443 1
1431 1444 1
1431 1445 1
1431 1446 1
1431 1447 1
1431 1448 1
1432 1433 1
1432 1434 1
1432 1435 1
1432 1436 1
1432 1437 1
1432 1438 1
1432 1439 1
1432 1440 1
1432 1441 1
1432 1442 1
1432 1443 1
1432 1444 1
1432 1445 1
1432 1446 1
1432 1447 1
1432 1448 1
1433 1434 1
1433 1435 1
1433 1436 1
1433 1437 1
1433 1438 1
1433 1439 1
1433 1440 1
1433 1441 1
1433 1442 1
1433 1443 1
1433 1444 1
1433 1445 1
1433 1446 1
1433 1447 1
1433 1448 1
1434 1435 1
1434 1436 1
1434 1437 1
1434 1438 1
1434 1439 1
1434 1440 1
1434 1441 1
1434 1442 1
1434 1443 1
1434 1444 1
1434 1445 1
1434 1446 1
1434 1447 1
1434 1448 1
1435 1436 1
1435 1437 1
1435 1438 1
1435 1439 1
1435 1440 1
1435 1441 1
1435 1442 1
1435 1443 1
1435 1444 1
1435 1445 1
1435 1446 1
1435 1447 1
1435 1448 1
1436 1437 1
1436 1438 1
1436 1439 1
1436 1440 1
1436 1441 1
1436 1442 1
1436 1443 1
1436 1444 1
1436 1445 1
1436 1446 1
1436 1447 1
1436 1448 1
1437 1438 1
1437 1439 1
1437 1440 1
1437 1441 1
1437 1442 1
1437 1443 1
1437 1444 1
1437 1445 1
1437 1446 1
1437 1447 1
1437 1448 1
1438 1439 1
1438 1440 1
1438 1441 1
1438 1442 1
1438 1443 1
1438 1444 1
1438 1445 1
1438 1446 1
1438 1447 1
1438 1448 1
1439 1440 1
1439 1441 1
1439 1442 1
1439 1443 1
1439 1444 1
1439 1445 1
1439 1446 1
1439 1447 1
1439 1448 1
1440 1441 1
1440 1442 1
1440 1443 1
1440 1444 1
1440 1445 1
1440 1446 1
1440 1447 1
1440 1448 1
1441 1442 1
1441 1443 1
1441 1444 1
1441 1445 1
1441 1446 1
1441 1447 1
1441 1448 1
1442 1443 1
1442 1444 1
1442 1445 1
1442 1446 1
1442 1447 1
1442 1448 1
1443 1444 1
1443 1445 1
1443 1446 1
1443 1447 1
1443 1448 1
1444 1445 1
1444 1446 1
1444 1447 1
1444 1448 1
1445 1446 1
1445 1447 1
1445 1448 1
1446 1447 1
1446 1448 1
1447 1448 1
1450 1451 1
1450 1452 1
1451 1452 1
1453 1454 1
1453 1455 1
1453 1456 1
1453 1457 1
1453 1458 1
1453 1459 1
1453 1460 1
1453 1461 1
1453 1462 1
1453 1463 1
1453 1464 1
1453 1465 1
1453 1466 1
1453 1467 1
1453 1468 1
1453 1469 1
1454 1455 1
1454 1456 1
1454 1457 1
1454 1458 1
1454 1459 1
1454 1460 1
1454 1461 1
1454 1462 1
1454 1463 1
1454 1464 1
1454 1465 1
1454 1466 1
1454 1467 1
1454 1468 1
1454 1469 1
1455 1456 1
1455 1457 1
1455 1458 1
1455 1459 1
1455 1460 1
1455 1461 1
1455 1462 1
1455 1463 1
1455 1464 1
1455 1465 1
1455 1466 1
1455 1467 1
1455 1468 1
1455 1469 1
1456 1457 1
1456 1458 1
1456 1459 1
1456 1460 1
1456 1461 1
1456 1462 1
1456 1463 1
1456 1464 1
1456 1465 1
1456 1466 1
1456 1467 1
1456 1468 1
1456 1469 1
1457 1458 1
1457 1459 1
1457 1460 1
1457 1461 1
1457 1462 1
1457 1463 1
1457 1464 1
1457 1465 1
1457 1466 1
1457 1467 1
1457 1468 1
1457 1469 1
1458 1459 1
1458 1460 1
1458 1461 1
1458 1462 1
1458 1463 1
1458 1464 1
1458 1465 1
1458 1466 1
1458 1467 1
1458 1468 1
1458 1469 1
1459 1460 1
1459 1461 1
1459 1462 1
1459 1463 1
1459 1464 1
1459 1465 1
1459 1466 1
1459 1467 1
1459 1468 1
1459 1469 1
1460 1461 1
1460 1462 1
1460 1463 1
1460 1464 1
1460 1465 1
1460 1466 1
1460 1467 1
1460 1468 1
1460 1469 1
1461 1462 1
1461 1463 1
1461 1464 1
1461 1465 1
1461 1466 1
1461 1467 1
1461 1468 1
1461 1469 1
1462 1463 1
1462 1464 1
1462 1465 1
1462 1466 1
1462 1467 1
1462 1468 1
1462 1469 1
1463 1464 1
1463 1465 1
1463 1466 1
1463 1467 1
1463 1468 1
1463 1469 1
1464 1465 1
1464 1466 1
1464 1467 1
1464 1468 1
1464 1469 1
1465 1466 1
1465 1467 1
1465 1468 1
1465 1469 1
1466 1467 1
1466 1468 1
1466 1469 1
1467 1468 1
1467 1469 1
1468 1469 1
1470 103 1
1470 1471 1
1470 1472 1
1471 1472 1
1477 112 1
1477 264 1
1477 265 1
1477 1478 1
1477 1479 1
1477 1481 1
1477 1482 1
1477 1483 1
1478 112 1
1478 264 1
1478 265 1
1478 1479 1
1478 1481 1
1478 1482 1
1478 1483 1
1479 112 1
1479 264 1
1479 265 1
1479 1481 1
1479 1482 1
1479 1483 1
1481 265 1
1481 1482 1
1481 1483 1
1482 265 1
1482 1483 1
1483 265 1
1484 64 1
1486 1487 1
1486 1488 1
1486 1489 1
1486 1490 1
1486 1491 1
1486 1492 1
1486 1493 1
1487 1488 1
1487 1489 1
1487 1490 1
1487 1491 1
1487 1492 1
1487 1493 1
1488 1489 1
1488 1490 1
1488 1491 1
1488 1492 1
1488 1493 1
1489 1490 1
1489 1491 1
1489 1492 1
1489 1493 1
1490 1491 1
1490 1492 1
1490 1493 1
1491 1492 1
1491 1493 1
1492 1493 1
1493 1492 1
1494 1495 1
1494 1496 1
1494 1497 1
1494 1498 1
1494 1499 1
1494 1500 1
1495 1496 1
1495 1497 1
1495 1498 1
1495 1499 1
1495 1500 1
1495 1504 1
1495 1520 1
1495 1524 1
1496 1495 1
1496 1497 1
1496 1498 1
1496 1499 1
1496 1500 1
1496 1502 1
1496 1503 1
1496 1504 1
1496 1505 1
1496 1519 1
1496 1520 1
1496 1523 1
1496 1524 1
1497 1498 1
1497 1499 1
1497 1500 1
1497 1503 1
1497 1504 1
1497 1520 1
1498 1499 1
1498 1500 1
1499 1500 1
1500 1495 1
1500 1496 1
1500 1497 1
1500 1498 1
1500 1499 1
1500 1501 1
1500 1502 1
1500 1503 1
1500 1504 1
1500 1505 1
1500 1519 1
1500 1520 1
1500 1522 1
1500 1523 1
1500 1524 1
1501 1496 1
1501 1497 1
1501 1498 1
1501 1499 1
1501 1502 1
1501 1503 1
1501 1504 1
1501 1505 1
1501 1519 1
1501 1522 1
1502 1496 1
1502 1497 1
1502 1498 1
1502 1499 1
1502 1500 1
1502 1503 1
1502 1504 1
1502 1505 1
1502 1519 1
1502 1520 1
1503 1498 1
1503 1499 1
1503 1504 1
1503 1505 1
1504 1498 1
1504 1499 1
1504 1505 1
1504 1510 1
1504 1511 1
1504 1512 1
1504 1513 1
1504 1514 1
1504 1515 1
1505 1499 1
1506 1504 1
1506 1507 1
1506 1508 1
1506 1509 1
1506 1510 1
1506 1511 1
1506 1512 1
1506 1513 1
1506 1514 1
1506 1515 1
1507 1504 1
1507 1508 1
1507 1509 1
1507 1510 1
1507 1511 1
1507 1512 1
1507 1513 1
1507 1514 1
1507 1515 1
1508 1504 1
1508 1509 1
1508 1510 1
1508 1511 1
1508 1512 1
1508 1513 1
1508 1514 1
1508 1515 1
1509 1504 1
1509 1510 1
1509 1511 1
1509 1512 1
1509 1513 1
1509 1514 1
1509 1515 1
1510 1511 1
1510 1512 1
1510 1513 1
1510 1514 1
1510 1515 1
1511 1512 1
1511 1513 1
1511 1514 1
1511 1515 1
1512 1513 1
1512 1514 1
1512 1515 1
1513 1514 1
1513 1515 1
1514 1515 1
1516 1517 1
1518 1496 1
1518 1497 1
1518 1498 1
1518 1500 1
1518 1502 1
1518 1519 1
1518 1520 1
1519 1497 1
1519 1498 1
1519 1499 1
1519 1500 1
1519 1503 1
1519 1520 1
1520 1497 1
1520 1498 1
1520 1500 1
1520 1504 1
1521 1492 1
1521 1493 1
1522 1496 1
1522 1497 1
1522 1498 1
1522 1499 1
1522 1503 1
1522 1519 1
1523 1495 1
1523 1497 1
1523 1498 1
1523 1504 1
1523 1520 1
1523 1524 1
1524 1497 1
1524 1498 1
1524 1504 1
1524 1520 1
1525 1526 1
1525 1527 1
1526 1527 1
1528 1529 1
1528 1530 1
1529 1530 1
1531 1532 1
1533 575 1
1533 1534 1
1533 1535 1
1534 1535 1
1536 1537 1
1536 1538 1
1537 1538 1
1539 1540 1
1539 1541 1
1539 1542 1
1540 1541 1
1540 1542 1
1541 1542 1
1544 1545 1
1544 1546 1
1544 1547 1
1544 1548 1
1545 1546 1
1545 1547 1
1545 1548 1
1546 1547 1
1546 1548 1
1547 1548 1
1548 1546 1
1548 1547 1
1549 1550 1
1549 1551 1
1549 1552 1
1549 1553 1
1549 1554 1
1549 1555 1
1549 1556 1
1550 1551 1
1550 1552 1
1550 1553 1
1550 1554 1
1550 1555 1
1550 1556 1
1551 1552 1
1551 1553 1
1551 1554 1
1551 1555 1
1551 1556 1
1552 1553 1
1552 1554 1
1552 1555 1
1552 1556 1
1553 1554 1
1553 1555 1
1553 1556 1
1554 1555 1
1554 1556 1
1555 1556 1
1557 1558 1
1557 1559 1
1557 1560 1
1557 1561 1
1557 1562 1
1558 1559 1
1558 1560 1
1558 1561 1
1558 1562 1
1559 1560 1
1559 1561 1
1559 1562 1
1560 1561 1
1560 1562 1
1561 1562 1
1563 1425 1
1563 1564 1
1563 1565 1
1564 1425 1
1564 1565 1
1565 1425 1
1566 1567 1
1568 1569 1
1568 1570 1
1569 1570 1
1571 1572 1
1573 688 1
1573 865 1
1573 1574 1
1573 1575 1
1573 1576 1
1574 688 1
1574 865 1
1574 1575 1
1574 1576 1
1574 1585 1
1574 1587 1
1574 1588 1
1574 1589 1
1575 865 1
1575 1576 1
1577 1578 1
1579 1580 1
1579 1581 1
1579 1582 1
1579 1583 1
1579 1584 1
1580 1581 1
1580 1582 1
1580 1583 1
1580 1584 1
1581 1582 1
1581 1583 1
1581 1584 1
1582 1583 1
1582 1584 1
1583 1584 1
1585 1576 1
1585 1586 1
1585 1587 1
1585 1589 1
1586 1576 1
1586 1587 1
1587 1576 1
1587 1589 1
1588 1576 1
1588 1585 1
1588 1587 1
1588 1589 1
1589 1576 1
1589 1590 1
1589 1591 1
1590 1576 1
1590 1591 1
1591 1576 1
1592 1593 1
1592 1594 1
1593 1594 1
1596 1597 1
1596 1598 1
1597 1598 1
1599 1600 1
1599 1601 1
1600 1601 1
1602 1603 1
1602 1604 1
1602 1605 1
1602 1606 1
1602 1607 1
1602 1608 1
1603 1604 1
1603 1605 1
1603 1606 1
1603 1607 1
1603 1608 1
1604 1605 1
1604 1606 1
1604 1607 1
1604 1608 1
1605 1606 1
1605 1607 1
1605 1608 1
1606 1607 1
1606 1608 1
1607 1608 1
1609 1610 1
1609 1611 1
1609 1612 1
1609 1613 1
1610 1611 1
1610 1612 1
1610 1613 1
1611 1612 1
1611 1613 1
1612 1613 1
1614 1615 1
1614 1616 1
1614 1617 1
1614 1618 1
1615 1616 1
1615 1617 1
1615 1618 1
1616 1617 1
1616 1618 1
1617 1618 1
1619 1620 1
1619 1621 1
1620 1621 1
1622 38 1
1622 41 1
1622 1623 1
1623 38 1
1623 41 1
1625 468 1
1625 1626 1
1625 1627 1
1625 1628 1
1625 1629 1
1625 1630 1
1625 1682 1
1625 1703 1
1625 1704 1
1626 468 1
1626 1627 1
1626 1628 1
1626 1629 1
1626 1630 1
1626 1633 1
1627 1628 1
1627 1629 1
1627 1630 1
1628 1629 1
1628 1630 1
1629 1630 1
1629 1686 1
1629 1687 1
1629 1694 1
1629 1695 1
1629 1697 1
1631 3 1
1631 1626 1
1631 1632 1
1631 1633 1
1632 3 1
1632 1626 1
1632 1633 1
1634 1635 1
1634 1636 1
1634 1637 1
1634 1638 1
1635 1636 1
1635 1637 1
1635 1638 1
1636 1637 1
1636 1638 1
1637 1638 1
1639 636 1
1639 641 1
1639 1626 1
1639 1640 1
1639 1641 1
1640 636 1
1640 641 1
1640 1626 1
1640 1641 1
1641 636 1
1641 641 1
1641 1626 1
1642 1643 1
1642 1644 1
1642 1645 1
1642 1646 1
1642 1647 1
1642 1648 1
1643 1644 1
1643 1645 1
1643 1646 1
1643 1647 1
1643 1648 1
1644 1645 1
1644 1646 1
1644 1647 1
1644 1648 1
1645 1646 1
1645 1647 1
1645 1648 1
1646 1647 1
1646 1648 1
1647 1648 1
1649 1650 1
1649 1651 1
1649 1652 1
1649 1653 1
1649 1654 1
1649 1673 1
1649 1674 1
1650 1651 1
1650 1652 1
1650 1653 1
1650 1654 1
1651 1652 1
1651 1653 1
1651 1654 1
1652 1653 1
1652 1654 1
1653 1654 1
1655 1656 1
1655 1657 1
1655 1658 1
1655 1659 1
1655 1660 1
1656 1657 1
1656 1658 1
1656 1659 1
1656 1660 1
1657 1658 1
1657 1659 1
1657 1660 1
1658 1659 1
1658 1660 1
1659 1660 1
1661 398 1
1661 1662 1
1661 1663 1
1661 1664 1
1662 398 1
1662 1663 1
1662 1664 1
1663 398 1
1663 1664 1
1665 1666 1
1665 1667 1
1665 1668 1
1665 1669 1
1666 1667 1
1666 1668 1
1666 1669 1
1667 1668 1
1667 1669 1
1668 1669 1
1670 1649 1
1670 1671 1
1670 1672 1
1670 1673 1
1670 1674 1
1671 1649 1
1671 1672 1
1671 1673 1
1671 1674 1
1672 1649 1
1672 1673 1
1672 1674 1
1673 1674 1
1675 1676 1
1675 1677 1
1675 1678 1
1675 1679 1
1675 1680 1
1675 1681 1
1676 1677 1
1676 1678 1
1676 1679 1
1676 1680 1
1676 1681 1
1677 1678 1
1677 1679 1
1677 1680 1
1677 1681 1
1678 1679 1
1678 1680 1
1678 1681 1
1679 1680 1
1679 1681 1
1680 1629 1
1680 1681 1
1680 1684 1
1680 1686 1
1680 1687 1
1680 1693 1
1680 1696 1
1680 1730 1
1682 1629 1
1684 1629 1
1684 1686 1
1684 1687 1
1686 1687 1
1688 1689 1
1688 1690 1
1688 1691 1
1688 1692 1
1688 1696 1
1688 1705 1
1688 1721 1
1688 1722 1
1688 1723 1
1689 1690 1
1689 1690 1
1689 1691 1
1689 1692 1
1689 1696 1
1689 1705 1
1689 1721 1
1689 1722 1
1689 1723 1
1689 1736 1
1689 1738 1
1689 1739 1
1690 1691 1
1690 1692 1
1690 1696 1
1690 1705 1
1690 1721 1
1690 1722 1
1690 1723 1
1690 1738 1
1690 1739 1
1691 1692 1
1691 1721 1
1691 1722 1
1692 1721 1
1692 1722 1
1693 1629 1
1693 1629 1
1693 1686 1
1693 1694 1
1693 1695 1
1693 1696 1
1693 1730 1
1694 1695 1
1696 1629 1
1696 1686 1
1696 1691 1
1696 1697 1
1698 1699 1
1698 1700 1
1698 1701 1
1699 1700 1
1699 1701 1
1700 1701 1
1703 1629 1
1703 1682 1
1703 1704 1
1704 1629 1
1704 1682 1
1706 1707 1
1706 1708 1
1707 1708 1
1709 1710 1
1709 1711 1
1709 1712 1
1709 1713 1
1709 1714 1
1709 1715 1
1709 1716 1
1710 1711 1
1710 1712 1
1710 1713 1
1710 1714 1
1710 1715 1
1710 1716 1
1711 1712 1
1711 1713 1
1711 1714 1
1711 1715 1
1711 1716 1
1712 1713 1
1712 1714 1
1712 1715 1
1712 1716 1
1713 1714 1
1713 1715 1
1713 1716 1
1714 1715 1
1714 1716 1
1715 1716 1
1717 1718 1
1717 1719 1
1717 1720 1
1718 1719 1
1718 1720 1
1719 1720 1
1721 1722 1
1723 1692 1
1724 1692 1
1724 1725 1
1724 1726 1
1724 1727 1
1725 1692 1
1725 1726 1
1725 1727 1
1726 1692 1
1726 1727 1
1727 1692 1
1730 1629 1
1730 1686 1
1730 1696 1
1731 1732 1
1731 1733 1
1731 1734 1
1732 1733 1
1732 1734 1
1733 1734 1
1736 1690 1
1736 1738 1
1736 1739 1
1738 1739 1
1740 1741 1
1740 1742 1
1740 1743 1
1740 1744 1
1741 1742 1
1741 1743 1
1741 1744 1
1742 1743 1
1742 1744 1
1743 1744 1
1745 103 1
1746 1747 1
1746 1748 1
1746 1749 1
1746 1750 1
1746 1751 1
1747 1748 1
1747 1749 1
1747 1750 1
1747 1751 1
1748 1749 1
1748 1750 1
1748 1751 1
1749 1750 1
1749 1751 1
1750 1751 1
1752 1753 1
1754 1755 1
1754 1756 1
1754 1757 1
1754 1758 1
1754 1759 1
1755 1756 1
1755 1757 1
1755 1758 1
1755 1759 1
1756 1757 1
1756 1758 1
1756 1759 1
1757 1758 1
1757 1759 1
1758 1759 1
1760 1761 1
1762 1763 1
1762 1764 1
1762 1765 1
1762 1766 1
1762 1767 1
1763 1764 1
1763 1765 1
1763 1766 1
1763 1767 1
1764 1765 1
1764 1766 1
1764 1767 1
1765 1766 1
1765 1767 1
1766 1767 1
1768 342 1
1768 1769 1
1768 1770 1
1769 1770 1
1771 1772 1
1771 1773 1
1771 1774 1
1771 1775 1
1771 1776 1
1771 1777 1
1771 1778 1
1772 1773 1
1772 1774 1
1772 1775 1
1772 1776 1
1772 1777 1
1772 1778 1
1773 1774 1
1773 1775 1
1773 1776 1
1773 1777 1
1773 1778 1
1774 1775 1
1774 1776 1
1774 1777 1
1774 1778 1
1775 1776 1
1775 1777 1
1775 1778 1
1776 1777 1
1776 1778 1
1777 1778 1
1779 684 1
1779 1780 1
1779 1781 1
1780 684 1
1780 1781 1
1783 1784 1
1783 1785 1
1784 1785 1
