0 81
0 157
0 158
0 170
0 268
0 591
0 625
0 754
0 755
0 756
0 757
0 758
0 768
0 781
0 809
0 840
0 841
0 842
0 1217
0 1746
0 1747
0 1765
0 1766
1 17
1 18
1 19
1 36
1 37
1 72
1 73
1 74
1 542
1 625
1 754
2 1
2 3
2 8
2 9
2 33
2 36
2 45
2 91
2 105
2 106
2 133
2 162
2 542
2 754
2 858
2 993
2 994
2 995
2 996
2 1006
2 1007
2 1008
2 1009
2 1028
2 1029
2 1035
2 1036
2 1041
3 858
3 967
4 1
4 5
4 6
4 7
4 8
4 9
4 10
4 118
4 119
4 120
5 1
5 6
5 7
5 8
5 9
5 10
5 42
5 46
5 81
5 119
5 128
5 129
5 130
5 131
5 132
5 142
5 143
5 144
5 282
5 322
5 444
5 469
5 554
5 620
5 621
5 622
5 623
5 624
5 625
5 751
5 752
5 753
6 0
6 1
6 7
6 8
6 9
6 10
6 41
6 45
6 72
6 73
6 74
6 81
6 82
6 83
6 91
6 98
6 105
6 106
6 124
6 125
6 162
6 163
6 187
6 224
6 264
6 265
6 268
6 280
6 312
6 320
6 322
6 328
6 329
6 397
6 398
6 399
6 400
6 414
6 415
6 416
6 417
6 418
6 459
6 505
6 506
6 507
6 542
6 554
6 557
6 591
6 625
6 686
6 687
6 688
6 689
6 690
6 718
6 734
6 754
6 755
6 756
6 757
6 758
6 809
6 840
6 841
6 842
6 850
6 851
6 852
6 853
6 972
6 1060
6 1061
6 1100
6 1185
6 1186
6 1187
6 1226
6 1227
6 1228
6 1229
6 1293
6 1294
6 1308
6 1483
6 1484
6 1502
6 1513
6 1520
6 1680
6 1730
6 1793
6 1795
6 1800
6 1801
6 1816
7 1
7 8
7 9
7 10
8 0
8 1
8 9
8 10
8 106
8 268
8 768
8 832
8 833
8 1029
8 1654
8 1655
8 1656
9 1
9 10
9 106
9 1029
10 0
10 1
10 36
10 41
10 142
10 146
10 269
10 271
10 272
10 273
10 296
10 302
10 303
10 304
10 305
10 312
10 326
10 327
10 328
10 329
10 745
10 820
10 821
10 822
10 832
10 833
10 898
10 1368
10 1520
10 1653
10 1654
10 1655
10 1656
10 1760
10 1761
10 1762
11 1
11 12
11 13
11 14
11 15
11 16
11 17
11 18
11 19
12 1
12 13
12 14
12 15
12 16
12 17
12 18
12 19
13 1
13 6
13 10
13 14
13 15
13 16
13 17
13 18
13 19
13 33
13 34
13 69
13 70
13 71
13 72
13 73
13 74
13 368
13 448
13 521
13 540
13 541
13 542
13 543
13 625
13 1757
13 1758
13 1759
13 1760
13 1761
13 1762
14 0
14 1
14 2
14 5
14 6
14 8
14 9
14 10
14 15
14 16
14 17
14 18
14 19
14 33
14 34
14 35
14 36
14 37
14 45
14 77
14 81
14 82
14 91
14 93
14 94
14 100
14 101
14 105
14 106
14 116
14 129
14 141
14 142
14 143
14 144
14 157
14 158
14 162
14 170
14 171
14 183
14 184
14 203
14 204
14 205
14 224
14 261
14 262
14 263
14 264
14 265
14 270
14 271
14 272
14 273
14 279
14 282
14 310
14 373
14 374
14 375
14 376
14 382
14 383
14 386
14 396
14 397
14 398
14 399
14 400
14 403
14 409
14 485
14 718
14 836
14 837
14 838
14 955
14 956
14 957
14 1028
14 1029
14 1106
14 1172
14 1173
14 1174
14 1245
14 1270
14 1291
14 1292
14 1293
14 1294
14 1483
14 1506
15 1
15 16
15 17
15 18
15 19
16 1
16 17
16 18
16 19
16 34
16 118
16 448
16 514
16 515
16 516
16 517
17 18
17 19
18 19
20 21
20 22
20 23
20 24
20 25
20 26
20 27
20 28
20 29
21 0
21 8
21 10
21 22
21 23
21 24
21 25
21 26
21 27
21 28
21 29
21 268
21 768
22 23
22 24
22 25
22 26
22 27
22 28
22 29
23 24
23 25
23 26
23 27
23 28
23 29
24 25
24 26
24 27
24 28
24 29
25 26
25 27
25 28
25 29
26 27
26 28
26 29
26 82
26 91
26 98
26 105
26 151
26 162
26 179
26 180
26 197
26 231
26 268
26 274
26 275
26 280
26 392
26 393
26 394
26 455
26 591
26 1753
26 1768
26 1769
27 28
27 29
28 29
30 1
30 6
30 14
30 31
30 32
30 33
30 34
30 35
30 36
30 37
30 41
30 49
30 77
30 125
30 129
30 199
30 200
30 201
30 202
30 203
30 204
30 205
30 448
30 450
30 515
30 542
30 564
30 565
30 566
30 567
30 568
30 569
30 570
30 625
30 718
30 1183
30 1197
30 1198
30 1199
30 1200
30 1201
30 1661
30 1776
30 1777
30 1786
30 1787
30 1788
30 1789
31 1
31 14
31 32
31 33
31 34
31 35
31 36
31 37
32 1
32 14
32 33
32 34
32 35
32 36
32 37
32 232
32 477
32 478
33 0
33 1
33 6
33 8
33 9
33 10
33 34
33 35
33 36
33 37
33 41
33 70
33 75
33 81
33 82
33 90
33 91
33 93
33 98
33 105
33 106
33 116
33 129
33 155
33 156
33 157
33 158
33 162
33 163
33 194
33 207
33 268
33 403
33 414
33 477
33 478
33 591
33 625
33 668
33 742
33 743
33 744
33 750
33 754
33 755
33 756
33 757
33 758
33 760
33 761
33 762
33 805
33 806
33 807
33 808
33 809
33 814
33 827
33 840
33 841
33 842
33 972
33 1028
33 1029
33 1217
33 1267
33 1268
33 1574
33 1575
33 1576
33 1673
33 1757
33 1758
33 1759
33 1760
33 1761
33 1762
33 1763
33 1764
33 1765
33 1766
33 1792
33 1793
33 1795
33 1799
33 1800
33 1801
33 1802
33 1811
33 1812
33 1813
33 1825
34 0
34 1
34 6
34 10
34 35
34 36
34 37
34 70
34 71
34 72
34 73
34 74
34 232
34 271
34 272
34 273
34 320
34 322
34 368
34 444
34 458
34 459
34 477
34 478
34 521
34 541
34 542
34 543
34 1018
34 1043
34 1698
34 1699
34 1700
34 1701
35 1
35 36
35 37
36 6
36 37
36 72
36 91
36 119
36 163
36 186
36 264
36 265
36 485
36 542
36 557
36 624
36 625
36 638
36 953
36 980
36 981
36 1520
38 39
38 40
38 41
39 40
39 41
40 41
40 1165
40 1300
40 1371
41 1
41 36
41 105
41 106
41 625
41 718
41 1820
41 1821
41 1822
41 1823
41 1824
42 6
42 36
42 43
42 44
42 45
42 46
42 47
42 48
42 73
42 77
42 81
42 84
42 91
42 105
42 106
42 119
42 133
42 134
42 135
42 136
42 137
42 138
42 282
42 322
42 323
42 394
42 403
42 444
42 446
42 521
42 552
42 553
42 554
42 718
42 734
42 938
42 986
42 1578
42 1579
42 1580
43 44
43 45
43 46
43 47
43 48
44 45
44 46
44 47
44 48
45 46
45 47
45 48
45 82
45 84
45 91
45 197
45 235
45 295
45 394
45 591
45 718
45 852
45 853
45 858
45 995
45 996
45 1106
45 1252
45 1270
45 1483
45 1488
45 1571
45 1572
45 1573
46 47
46 48
46 119
46 131
46 132
47 48
48 146
48 445
48 1509
49 50
49 51
49 52
49 53
49 54
49 55
49 56
49 57
49 58
49 77
49 125
49 129
49 189
49 231
49 363
49 405
49 542
49 606
49 607
49 608
49 609
49 610
49 611
49 612
49 613
49 626
49 627
49 628
49 629
49 630
49 631
49 632
49 794
49 795
49 796
49 797
49 798
49 1183
49 1197
49 1198
49 1199
49 1200
49 1201
50 51
50 52
50 53
50 54
50 55
50 56
50 57
50 58
51 52
51 53
51 54
51 55
51 56
51 57
51 58
52 53
52 54
52 55
52 56
52 57
52 58
53 54
53 55
53 56
53 57
53 58
54 0
54 10
54 14
54 34
54 55
54 56
54 57
54 58
54 77
54 270
54 271
54 272
54 273
54 1239
55 56
55 57
55 58
55 365
55 366
56 6
56 10
56 36
56 57
56 58
56 91
56 105
56 163
56 288
56 327
56 414
56 415
56 758
56 1070
56 1520
56 1604
56 1680
57 58
57 91
57 97
57 118
57 243
57 270
57 276
57 423
57 439
57 440
57 441
57 589
57 624
57 687
57 738
57 739
57 740
59 60
59 61
59 62
59 63
59 64
59 65
59 66
59 67
59 68
60 61
60 62
60 63
60 64
60 65
60 66
60 67
60 68
61 62
61 63
61 64
61 65
61 66
61 67
61 68
62 63
62 64
62 65
62 66
62 67
62 68
63 64
63 65
63 66
63 67
63 68
64 65
64 66
64 67
64 68
65 66
65 67
65 68
66 67
66 68
67 68
69 1
69 6
69 10
69 34
69 70
69 71
69 72
69 73
69 74
69 93
69 142
69 562
69 783
69 784
69 785
69 786
69 787
69 788
69 1520
70 0
70 1
70 6
70 8
70 10
70 14
70 21
70 26
70 32
70 36
70 41
70 42
70 45
70 47
70 56
70 71
70 72
70 73
70 74
70 77
70 81
70 82
70 91
70 98
70 101
70 105
70 106
70 133
70 161
70 162
70 163
70 168
70 170
70 194
70 207
70 232
70 235
70 261
70 267
70 268
70 269
70 280
70 281
70 288
70 311
70 312
70 313
70 314
70 318
70 323
70 327
70 368
70 380
70 381
70 382
70 383
70 384
70 394
70 403
70 405
70 406
70 407
70 408
70 409
70 414
70 415
70 426
70 448
70 455
70 473
70 477
70 478
70 546
70 575
70 591
70 625
70 668
70 709
70 710
70 711
70 718
70 743
70 744
70 745
70 750
70 754
70 760
70 761
70 762
70 764
70 765
70 768
70 770
70 771
70 772
70 773
70 774
70 775
70 793
70 801
70 802
70 803
70 805
70 806
70 807
70 808
70 809
70 816
70 817
70 818
70 819
70 820
70 821
70 822
70 827
70 832
70 833
70 842
70 852
70 957
70 972
70 984
70 985
70 986
70 1003
70 1046
70 1047
70 1070
70 1118
70 1125
70 1214
70 1224
70 1252
70 1254
70 1255
70 1279
70 1335
70 1505
70 1569
70 1570
70 1571
70 1572
70 1573
70 1587
70 1595
70 1596
70 1597
70 1598
70 1647
70 1648
70 1649
70 1685
70 1703
70 1704
70 1725
70 1726
70 1727
70 1728
70 1729
70 1730
70 1731
70 1732
70 1733
70 1734
70 1735
70 1736
70 1743
70 1772
70 1773
70 1774
70 1775
70 1790
70 1791
70 1792
70 1793
70 1795
70 1799
70 1800
70 1801
70 1802
70 1825
70 1852
71 1
71 6
71 72
71 73
71 74
72 73
72 74
72 368
72 521
72 542
72 543
73 74
73 522
74 8
74 10
74 832
74 833
74 1802
75 0
75 6
75 40
75 41
75 73
75 82
75 106
75 125
75 142
75 191
75 194
75 195
75 196
75 197
75 198
75 320
75 521
75 522
75 591
75 972
75 1003
75 1100
75 1161
75 1162
75 1237
75 1238
75 1512
75 1513
76 10
76 77
76 78
76 79
76 80
76 81
76 82
76 83
76 84
77 0
77 1
77 6
77 10
77 14
77 33
77 34
77 36
77 42
77 45
77 78
77 79
77 80
77 81
77 82
77 83
77 84
77 127
77 129
77 136
77 137
77 138
77 154
77 155
77 156
77 157
77 158
77 204
77 205
77 270
77 271
77 272
77 273
77 322
77 323
77 403
77 442
77 444
77 446
77 448
77 450
77 458
77 459
77 473
77 498
77 499
77 500
77 501
77 510
77 511
77 516
77 521
77 542
77 552
77 553
77 556
77 557
77 568
77 569
77 570
77 625
77 793
77 797
77 798
77 1783
77 1784
77 1785
77 1787
77 1788
77 1789
78 10
78 79
78 80
78 81
78 82
78 83
78 84
79 10
79 80
79 81
79 82
79 83
79 84
79 497
79 500
79 503
79 504
79 509
79 576
80 10
80 81
80 82
80 83
80 84
81 10
81 36
81 82
81 83
81 84
81 106
81 119
82 10
82 83
82 84
82 98
82 101
82 197
82 268
82 282
82 403
82 414
82 455
82 591
82 718
82 754
82 833
82 837
82 838
82 858
82 1280
82 1281
82 1282
82 1283
82 1284
82 1780
82 1781
82 1795
82 1800
82 1801
83 10
83 84
83 105
83 1229
84 6
84 10
84 73
84 105
85 6
85 33
85 70
85 77
85 86
85 87
85 88
85 89
85 90
85 91
85 133
85 207
85 472
85 473
86 6
86 33
86 70
86 87
86 88
86 89
86 90
86 91
87 6
87 33
87 70
87 88
87 89
87 90
87 91
88 6
88 33
88 36
88 70
88 89
88 90
88 91
88 177
88 180
88 207
88 216
88 217
88 254
88 1175
88 1176
88 1177
88 1178
88 1179
88 1180
88 1639
89 6
89 33
89 70
89 90
89 91
90 6
90 70
90 91
91 8
91 105
91 106
91 234
91 257
91 258
91 268
91 280
91 318
91 319
91 320
91 321
91 322
91 356
91 357
91 403
91 409
91 552
91 590
91 591
91 592
91 624
91 687
91 734
91 735
91 736
91 737
91 745
91 758
91 852
91 853
91 891
91 907
91 938
91 1003
91 1008
91 1009
91 1237
91 1300
91 1313
91 1314
91 1315
91 1316
91 1340
91 1371
91 1520
91 1526
91 1527
91 1528
91 1579
91 1580
91 1769
92 93
92 94
92 95
92 96
92 97
92 98
92 99
92 100
92 101
92 129
92 290
92 320
92 456
92 618
92 744
92 997
92 998
92 999
92 1000
92 1001
92 1002
92 1003
92 1413
92 1414
92 1415
92 1416
92 1417
92 1418
92 1419
92 1667
92 1668
92 1669
92 1670
92 1671
93 6
93 10
93 36
93 41
93 70
93 74
93 75
93 94
93 95
93 96
93 97
93 98
93 99
93 100
93 101
93 104
93 105
93 106
93 107
93 108
93 129
93 142
93 191
93 221
93 222
93 223
93 224
93 235
93 267
93 268
93 269
93 270
93 288
93 310
93 320
93 368
93 382
93 383
93 384
93 414
93 562
93 591
93 683
93 694
93 709
93 710
93 711
93 722
93 741
93 765
93 784
93 785
93 786
93 787
93 788
93 957
93 966
93 1063
93 1064
93 1065
93 1066
93 1100
93 1172
93 1173
93 1174
93 1214
93 1247
93 1251
93 1252
93 1260
93 1261
93 1512
93 1513
93 1587
93 1685
93 1732
93 1733
93 1734
93 1735
93 1736
93 1792
93 1793
93 1799
93 1802
93 1804
93 1810
93 1825
94 45
94 95
94 96
94 97
94 98
94 99
94 100
94 101
94 282
94 346
94 347
94 718
94 955
94 956
94 957
95 96
95 97
95 98
95 99
95 100
95 101
96 97
96 98
96 99
96 100
96 101
97 6
97 36
97 91
97 98
97 99
97 100
97 101
97 280
97 441
97 862
97 953
97 980
97 981
97 1591
98 0
98 99
98 100
98 101
98 842
99 100
99 101
100 45
100 101
100 718
101 0
101 75
101 282
101 403
101 718
101 781
101 838
101 1835
102 10
102 36
102 93
102 103
102 104
102 105
102 106
102 107
102 108
103 10
103 36
103 56
103 93
103 104
103 105
103 106
103 107
103 108
103 140
103 177
103 209
103 210
103 211
103 212
104 10
104 36
104 105
104 106
104 107
104 108
105 0
105 10
105 36
105 73
105 75
105 81
105 101
105 106
105 107
105 108
105 125
105 151
105 162
105 163
105 184
105 195
105 196
105 197
105 198
105 222
105 223
105 224
105 268
105 414
105 415
105 416
105 417
105 418
105 591
105 754
105 821
105 1009
105 1070
105 1204
105 1205
105 1267
105 1272
105 1273
105 1274
105 1275
105 1276
105 1520
105 1713
105 1714
105 1765
105 1766
106 10
106 36
106 73
106 107
106 108
106 119
106 162
106 163
106 183
106 184
106 257
106 258
106 521
106 522
106 954
106 972
106 1003
106 1029
106 1648
106 1649
107 10
107 36
107 108
107 322
107 350
107 898
107 1202
107 1395
107 1396
107 1397
107 1399
107 1449
107 1450
107 1457
107 1458
107 1558
108 10
108 36
108 1274
108 1275
108 1276
108 1740
108 1741
109 14
109 93
109 110
109 111
109 112
109 113
109 114
109 115
109 116
110 14
110 93
110 111
110 112
110 113
110 114
110 115
110 116
111 14
111 93
111 112
111 113
111 114
111 115
111 116
112 14
112 93
112 113
112 114
112 115
112 116
113 14
113 93
113 114
113 115
113 116
114 14
114 93
114 115
114 116
115 14
115 93
115 116
116 6
116 10
116 70
116 93
116 101
116 133
116 191
116 268
116 368
116 403
116 966
116 972
116 1214
116 1224
116 1684
116 1685
116 1725
116 1728
116 1729
116 1730
116 1827
117 4
117 118
117 119
117 120
118 34
118 119
118 120
118 243
118 448
119 73
119 75
119 120
119 131
119 132
119 520
119 521
119 522
119 624
119 862
119 939
119 940
119 941
119 954
120 6
120 48
120 106
120 146
120 294
120 295
120 328
120 445
120 890
120 901
120 1502
120 1509
121 6
121 42
121 73
121 84
121 105
121 122
122 6
122 42
122 73
122 84
122 105
123 0
123 6
123 75
123 105
123 124
123 125
124 0
124 75
124 105
124 125
125 0
126 5
126 46
126 119
126 127
126 128
126 129
126 130
126 131
126 132
126 219
126 247
126 1121
126 1122
126 1123
126 1124
126 1125
126 1126
127 1
127 5
127 6
127 34
127 36
127 46
127 119
127 128
127 129
127 130
127 131
127 132
127 322
127 323
127 444
127 458
127 459
127 498
127 510
127 511
128 46
128 119
128 129
128 130
128 131
128 132
129 0
129 1
129 2
129 6
129 8
129 9
129 10
129 26
129 36
129 45
129 46
129 77
129 91
129 97
129 105
129 106
129 116
129 119
129 130
129 131
129 132
129 133
129 151
129 162
129 170
129 191
129 203
129 204
129 231
129 234
129 235
129 257
129 258
129 268
129 276
129 277
129 278
129 279
129 280
129 295
129 320
129 365
129 374
129 375
129 376
129 382
129 396
129 397
129 398
129 399
129 400
129 402
129 403
129 410
129 414
129 436
129 448
129 450
129 456
129 542
129 591
129 618
129 674
129 754
129 755
129 756
129 757
129 758
129 778
129 779
129 780
129 781
129 795
129 796
129 797
129 798
129 809
129 840
129 841
129 842
129 966
129 972
129 997
129 998
129 999
129 1000
129 1001
129 1002
129 1003
129 1023
129 1028
129 1029
129 1041
129 1216
129 1217
129 1233
129 1258
129 1259
129 1338
129 1339
129 1340
129 1482
129 1483
129 1485
129 1486
129 1487
129 1488
129 1498
129 1499
129 1590
129 1591
129 1670
129 1671
129 1673
129 1745
129 1746
129 1747
129 1787
129 1788
129 1789
129 1826
129 1827
130 46
130 119
130 131
130 132
131 132
133 1
133 14
133 36
133 45
133 77
133 93
133 106
133 134
133 135
133 136
133 137
133 138
133 191
133 207
133 295
133 473
133 542
133 659
133 660
133 661
133 662
133 754
133 850
133 853
133 857
133 858
133 859
133 862
133 894
133 895
133 966
133 972
133 1003
133 1172
133 1173
133 1174
133 1422
133 1482
133 1485
133 1486
133 1487
133 1488
133 1624
133 1625
133 1626
133 1627
133 1647
133 1648
133 1649
134 45
134 77
134 135
134 136
134 137
134 138
135 45
135 77
135 136
135 137
135 138
136 45
136 137
136 138
137 45
137 138
138 45
139 5
139 6
139 14
139 81
139 140
139 141
139 142
139 143
139 144
140 5
140 6
140 14
140 36
140 81
140 105
140 106
140 141
140 142
140 143
140 144
140 145
140 146
140 147
140 148
140 149
140 150
140 151
140 152
140 153
140 183
140 184
140 211
140 212
140 224
140 279
140 485
140 1291
140 1292
140 1293
140 1294
141 5
141 6
141 81
141 142
141 143
141 144
142 6
142 81
142 143
142 144
143 6
143 81
143 144
144 6
144 81
145 146
145 147
145 148
145 149
145 150
145 151
145 152
145 153
146 106
146 147
146 148
146 149
146 150
146 151
146 152
146 153
146 322
146 328
146 890
146 900
146 901
146 1389
146 1390
147 148
147 149
147 150
147 151
147 152
147 153
148 149
148 150
148 151
148 152
148 153
149 150
149 151
149 152
149 153
150 151
150 152
150 153
151 152
151 153
151 394
151 436
152 153
152 1261
154 0
154 14
154 33
154 81
154 155
154 156
154 157
154 158
155 0
155 14
155 81
155 156
155 157
155 158
156 0
156 14
156 81
156 157
156 158
157 81
157 158
158 81
159 6
159 70
159 105
159 106
159 160
159 161
159 162
159 163
159 244
159 245
159 246
159 247
159 248
159 249
159 250
159 251
159 252
160 6
160 70
160 105
160 106
160 161
160 162
160 163
161 6
161 105
161 106
161 162
161 163
162 8
162 9
162 82
162 98
162 163
162 326
162 455
162 771
162 1028
162 1029
162 1242
162 1243
162 1244
163 10
163 72
163 101
163 170
163 268
163 318
163 414
163 625
163 718
163 773
163 774
163 775
163 803
163 852
163 1704
163 1796
163 1797
163 1798
164 14
164 57
164 93
164 97
164 106
164 133
164 165
164 166
164 167
164 168
164 169
164 170
164 171
164 207
164 226
164 227
164 228
164 229
164 230
164 231
164 232
164 276
164 283
164 284
164 285
164 286
164 287
164 288
164 289
164 423
164 438
164 439
164 440
164 441
164 910
164 1171
164 1172
164 1173
164 1174
165 14
165 106
165 166
165 167
165 168
165 169
165 170
165 171
166 14
166 106
166 167
166 168
166 169
166 170
166 171
167 14
167 106
167 168
167 169
167 170
167 171
168 14
168 93
168 106
168 129
168 169
168 170
168 171
168 280
168 310
168 381
168 382
168 383
168 386
169 14
169 106
169 170
169 171
170 106
170 171
170 618
170 619
170 852
170 1217
170 1747
171 75
171 106
171 197
171 1237
171 1238
172 26
172 88
172 173
172 174
172 175
172 176
172 177
172 178
172 179
172 180
172 214
172 253
172 254
173 26
173 33
173 41
173 56
173 70
173 77
173 88
173 93
173 105
173 106
173 174
173 175
173 176
173 177
173 178
173 179
173 180
173 194
173 254
173 288
173 327
173 414
173 668
173 750
173 759
173 760
173 761
173 762
173 765
173 789
173 790
173 791
173 792
173 793
173 1062
173 1063
173 1064
173 1065
173 1066
173 1068
173 1069
173 1070
173 1247
173 1248
173 1251
174 26
174 175
174 176
174 177
174 178
174 179
174 180
175 26
175 88
175 173
175 176
175 177
175 178
175 179
175 180
175 214
175 253
175 254
176 26
176 88
176 177
176 178
176 179
176 180
176 207
176 216
176 217
177 26
177 88
177 97
177 129
177 140
177 178
177 179
177 180
177 207
177 210
177 211
177 212
177 216
177 217
177 254
177 1588
177 1589
177 1590
177 1591
178 26
178 88
178 177
178 179
178 180
178 254
179 180
180 97
180 129
180 170
180 210
180 254
180 405
180 615
180 616
180 617
180 618
180 619
180 1588
180 1589
180 1590
180 1591
181 14
181 36
181 49
181 105
181 106
181 140
181 182
181 183
181 184
181 189
181 445
181 1238
181 1619
181 1631
181 1632
181 1633
182 14
182 36
182 105
182 106
182 140
182 183
182 184
183 36
183 105
183 184
184 36
185 186
186 6
186 485
188 93
188 116
188 129
188 133
188 189
188 190
188 191
188 192
188 203
188 445
188 966
188 1215
188 1640
188 1641
188 1642
188 1643
188 1644
188 1645
188 1646
188 1826
188 1827
189 190
189 191
189 192
190 191
190 192
191 40
191 192
191 294
191 966
193 75
193 105
193 194
193 195
193 196
193 197
193 198
194 91
194 105
194 195
194 196
194 197
194 198
194 687
194 699
194 762
194 907
194 1236
195 196
195 197
195 198
196 197
196 198
197 198
198 1492
198 1493
198 1494
198 1495
199 14
199 77
199 200
199 201
199 202
199 203
199 204
199 205
200 14
200 77
200 201
200 202
200 203
200 204
200 205
201 14
201 77
201 129
201 202
201 203
201 204
201 205
201 448
201 450
201 1786
201 1787
201 1788
201 1789
202 14
202 77
202 203
202 204
202 205
203 6
203 45
203 77
203 83
203 93
203 94
203 100
203 105
203 106
203 116
203 120
203 133
203 146
203 191
203 204
203 205
203 282
203 328
203 718
203 758
203 890
203 899
203 900
203 901
203 955
203 956
203 957
203 966
203 1226
203 1227
203 1228
203 1229
203 1826
203 1827
204 6
204 91
204 97
204 205
204 276
204 277
204 278
204 279
204 280
206 103
206 140
206 177
206 207
206 208
206 209
206 210
206 211
206 212
207 0
207 6
207 10
207 26
207 56
207 77
207 82
207 97
207 98
207 103
207 116
207 129
207 140
207 162
207 177
207 180
207 208
207 209
207 210
207 211
207 212
207 217
207 231
207 232
207 268
207 403
207 455
207 473
207 764
207 765
207 809
207 840
207 841
207 842
207 972
207 1588
207 1589
207 1590
207 1591
207 1661
208 82
208 103
208 140
208 177
208 209
208 210
208 211
208 212
208 754
208 781
208 833
208 1780
208 1781
209 140
209 177
209 210
209 211
209 212
210 97
210 129
210 140
210 177
210 211
210 212
210 1590
210 1591
211 212
212 75
212 91
212 106
212 129
212 197
212 233
212 234
212 235
212 255
212 256
212 257
212 258
212 350
212 423
212 424
212 754
212 1520
213 88
213 176
213 177
213 180
213 207
213 214
213 215
213 216
213 217
214 88
214 173
214 176
214 177
214 178
214 180
214 207
214 215
214 216
214 217
214 254
215 88
215 176
215 177
215 180
215 207
215 216
215 217
216 180
216 207
216 217
217 180
218 10
218 93
218 105
218 219
218 220
218 221
218 222
218 223
218 224
219 10
219 34
219 56
219 93
219 103
219 105
219 207
219 220
219 221
219 222
219 223
219 224
219 229
219 247
219 253
219 320
219 595
219 596
219 597
219 598
219 599
219 600
219 601
219 702
219 703
219 704
219 705
219 706
219 1043
219 1121
219 1122
219 1123
219 1124
219 1125
219 1126
219 1661
219 1696
219 1697
219 1698
219 1699
219 1700
219 1701
220 10
220 93
220 105
220 221
220 222
220 223
220 224
221 10
221 105
221 222
221 223
221 224
222 10
222 223
222 224
223 10
223 224
224 10
224 1293
224 1294
225 56
225 103
225 164
225 207
225 219
225 226
225 227
225 228
225 229
225 230
225 231
225 232
225 1658
225 1659
225 1660
225 1661
226 207
226 227
226 228
226 229
226 230
226 231
226 232
227 207
227 228
227 229
227 230
227 231
227 232
228 207
228 229
228 230
228 231
228 232
229 207
229 230
229 231
229 232
229 704
229 705
229 706
230 207
230 231
230 232
231 77
231 105
231 197
231 232
231 274
231 275
231 797
231 798
232 33
232 477
232 478
233 91
233 106
233 129
233 234
233 235
233 255
233 256
233 257
233 258
234 235
235 41
235 1252
235 1261
235 1567
235 1571
235 1572
235 1573
236 57
236 118
236 237
236 238
236 239
236 240
236 241
236 242
236 243
237 57
237 118
237 238
237 239
237 240
237 241
237 242
237 243
238 57
238 118
238 197
238 212
238 239
238 240
238 241
238 242
238 243
238 350
238 754
238 942
238 943
238 944
238 945
238 1520
238 1600
238 1661
239 57
239 118
239 240
239 241
239 242
239 243
240 57
240 118
240 241
240 242
240 243
241 57
241 118
241 242
241 243
242 57
242 118
242 243
243 151
243 355
243 368
243 369
244 245
244 246
244 247
244 248
244 249
244 250
244 251
244 252
245 246
245 247
245 248
245 249
245 250
245 251
245 252
245 1369
246 82
246 247
246 248
246 249
246 250
246 251
246 252
246 320
246 642
246 643
246 644
246 645
246 718
246 858
246 1023
247 248
247 249
247 250
247 251
247 252
247 1125
247 1126
248 249
248 250
248 251
248 252
249 250
249 251
249 252
250 251
250 252
251 6
251 91
251 129
251 252
251 318
251 319
251 320
251 321
251 322
251 552
251 632
251 668
251 669
251 898
251 1077
251 1114
251 1130
251 1694
253 36
253 40
253 49
253 70
253 77
253 88
253 105
253 129
253 173
253 177
253 178
253 180
253 214
253 229
253 231
253 254
253 363
253 365
253 414
253 584
253 650
253 672
253 673
253 674
253 703
253 704
253 705
253 706
253 771
253 791
253 792
253 793
253 794
253 795
253 796
253 797
253 798
253 821
253 922
253 932
253 933
253 934
253 935
253 1023
253 1058
253 1060
253 1175
253 1176
253 1177
253 1178
253 1179
253 1180
253 1215
253 1216
253 1217
253 1230
253 1231
253 1232
253 1233
253 1234
253 1235
253 1236
253 1328
253 1329
253 1330
253 1331
253 1332
253 1582
253 1583
253 1584
253 1585
253 1586
253 1587
255 91
255 106
255 129
255 256
255 257
255 258
256 10
256 70
256 91
256 93
256 106
256 129
256 257
256 258
256 266
256 267
256 268
256 269
257 40
257 258
257 1165
259 6
259 14
259 36
259 260
259 261
259 262
259 263
259 264
259 265
260 6
260 14
260 36
260 261
260 262
260 263
260 264
260 265
261 6
261 36
261 107
261 262
261 263
261 264
261 265
261 948
261 949
261 950
261 951
261 1466
261 1557
261 1558
262 6
262 36
262 263
262 264
262 265
263 6
263 36
263 264
263 265
264 265
266 10
266 70
266 93
266 267
266 268
266 269
267 10
267 268
267 269
268 10
268 269
268 414
268 591
268 1281
268 1282
268 1283
268 1284
268 1795
268 1801
270 0
270 10
270 34
270 70
270 91
270 133
270 271
270 272
270 273
270 624
270 659
270 660
270 661
270 662
270 687
270 709
270 710
270 711
270 739
270 740
271 0
271 272
271 273
271 887
272 0
272 273
273 0
274 14
274 70
274 91
274 105
274 197
274 275
274 405
274 406
274 407
274 408
274 409
275 105
275 197
276 6
276 10
276 36
276 56
276 75
276 91
276 97
276 105
276 212
276 277
276 278
276 279
276 280
276 415
276 422
276 423
276 424
276 439
276 440
276 441
276 758
276 1520
276 1600
276 1680
277 6
277 91
277 97
277 278
277 279
277 280
278 6
278 91
278 97
278 279
278 280
279 6
279 91
279 97
279 224
279 280
279 485
279 1292
279 1293
279 1294
280 591
282 6
282 45
282 100
282 322
282 403
282 444
282 554
282 718
282 957
283 284
283 285
283 286
283 287
283 288
283 289
284 285
284 286
284 287
284 288
284 289
285 286
285 287
285 288
285 289
286 287
286 288
286 289
287 288
287 289
288 105
288 289
288 1070
288 1267
288 1714
290 45
290 120
290 129
290 133
290 146
290 291
290 292
290 293
290 294
290 295
290 744
290 1416
290 1417
290 1418
290 1419
290 1482
290 1485
290 1486
290 1487
290 1488
291 14
291 45
291 120
291 146
291 292
291 293
291 294
291 295
291 1106
291 1270
291 1483
291 1503
291 1504
291 1505
291 1506
291 1514
291 1515
291 1516
292 48
292 120
292 146
292 293
292 294
292 295
292 445
292 1003
292 1509
293 120
293 146
293 294
293 295
294 40
294 146
294 295
294 1610
295 146
297 10
297 146
297 298
297 299
297 300
297 301
297 302
297 303
297 304
297 305
297 352
297 353
297 354
297 355
298 10
298 299
298 300
298 301
298 302
298 303
298 304
298 305
299 10
299 300
299 301
299 302
299 303
299 304
299 305
300 10
300 146
300 301
300 302
300 303
300 304
300 305
300 354
300 355
301 10
301 302
301 303
301 304
301 305
302 303
302 304
302 305
303 304
303 305
304 264
304 305
304 898
306 70
306 307
306 308
306 309
306 310
306 311
306 312
306 313
306 314
307 70
307 308
307 309
307 310
307 311
307 312
307 313
307 314
308 70
308 309
308 310
308 311
308 312
308 313
308 314
309 70
309 310
309 311
309 312
309 313
309 314
309 337
309 338
310 70
310 129
310 311
310 312
310 313
310 314
310 382
311 312
311 313
311 314
312 313
312 314
312 328
312 329
313 314
315 91
315 251
315 316
315 317
315 318
315 319
315 320
315 321
315 322
316 14
316 70
316 91
316 93
316 129
316 251
316 317
316 318
316 319
316 320
316 321
316 322
316 372
316 373
316 374
316 375
316 376
316 380
316 381
316 382
316 383
316 384
317 91
317 251
317 318
317 319
317 320
317 321
317 322
318 319
318 320
318 321
318 322
318 774
318 775
319 320
319 321
319 322
320 142
320 321
320 322
320 645
320 718
320 758
320 1043
320 1100
320 1185
320 1186
320 1187
320 1221
320 1222
320 1223
320 1224
320 1513
320 1671
320 1700
320 1701
321 322
322 1
322 36
322 40
322 45
322 456
322 457
322 459
322 542
322 554
322 557
322 624
322 625
322 696
322 897
322 898
322 1106
322 1237
322 1300
322 1324
322 1367
322 1368
322 1370
322 1371
322 1390
322 1399
322 1724
322 1725
323 1
323 6
323 10
323 34
323 312
323 322
323 324
323 325
323 326
323 327
323 328
323 329
323 444
323 458
323 459
323 498
323 499
323 500
323 501
324 6
324 10
324 312
324 325
324 326
324 327
324 328
324 329
325 6
325 10
325 312
325 326
325 327
325 328
325 329
326 6
326 312
326 327
326 328
326 329
326 1243
326 1244
327 6
327 105
327 288
327 312
327 328
327 329
327 1070
328 106
328 329
328 890
328 901
330 309
330 331
330 332
330 333
330 334
330 335
330 336
330 337
330 338
331 6
331 264
331 304
331 309
331 332
331 333
331 334
331 335
331 336
331 337
331 338
331 898
331 1301
331 1302
331 1303
331 1304
331 1305
331 1306
331 1307
331 1308
331 1467
331 1468
331 1469
331 1470
331 1471
331 1472
331 1473
331 1674
331 1675
331 1676
331 1677
331 1678
332 309
332 333
332 334
332 335
332 336
332 337
332 338
332 489
332 490
332 491
332 492
332 493
332 494
333 309
333 334
333 335
333 336
333 337
333 338
334 309
334 335
334 336
334 337
334 338
335 309
335 336
335 337
335 338
336 309
336 337
336 338
337 338
339 94
339 340
339 341
339 342
339 343
339 344
339 345
339 346
339 347
340 94
340 341
340 342
340 343
340 344
340 345
340 346
340 347
341 94
341 342
341 343
341 344
341 345
341 346
341 347
342 94
342 343
342 344
342 345
342 346
342 347
343 94
343 344
343 345
343 346
343 347
344 94
344 345
344 346
344 347
345 94
345 346
345 347
346 347
348 349
348 350
349 350
350 197
350 1396
350 1397
350 1520
351 10
351 146
351 297
351 300
351 352
351 353
351 354
351 355
352 10
352 146
352 300
352 353
352 354
352 355
353 10
353 146
353 300
353 354
353 355
354 10
354 146
354 322
354 355
355 10
355 146
355 151
356 357
358 55
358 359
358 360
358 361
358 362
358 363
358 364
358 365
358 366
359 55
359 276
359 360
359 361
359 362
359 363
359 364
359 365
359 366
359 1600
359 1664
359 1665
360 55
360 361
360 362
360 363
360 364
360 365
360 366
361 55
361 362
361 363
361 364
361 365
361 366
362 55
362 363
362 364
362 365
362 366
363 55
363 251
363 364
363 365
363 366
363 405
363 626
363 627
363 628
363 629
363 630
363 631
363 632
363 668
363 669
363 1190
363 1191
363 1192
363 1193
363 1194
363 1195
363 1196
363 1583
363 1584
363 1585
363 1586
363 1587
364 55
364 365
364 366
365 105
365 366
365 414
365 1023
365 1216
365 1217
367 151
367 243
367 355
367 368
367 369
368 101
368 151
368 355
368 369
368 543
369 151
369 355
370 14
370 70
370 93
370 129
370 168
370 280
370 310
370 316
370 371
370 372
370 373
370 374
370 375
370 376
370 379
370 381
370 382
370 383
370 385
370 386
370 401
370 425
371 14
371 129
371 316
371 372
371 373
371 374
371 375
371 376
372 14
372 129
372 373
372 374
372 375
372 376
373 129
373 374
373 375
373 376
374 375
374 376
375 376
377 6
378 70
378 93
378 316
378 379
378 380
378 381
378 382
378 383
378 384
379 70
379 93
379 168
379 280
379 316
379 380
379 381
379 382
379 383
379 384
380 93
380 381
380 382
380 383
380 384
381 93
381 280
381 382
381 383
381 384
382 280
382 381
382 383
382 384
383 93
383 129
383 310
383 382
383 384
383 386
385 14
385 70
385 93
385 129
385 168
385 280
385 310
385 379
385 381
385 382
385 383
385 386
385 401
385 425
386 93
386 129
386 310
386 382
387 26
387 151
387 388
387 389
387 390
387 391
387 392
387 393
387 394
388 26
388 151
388 389
388 390
388 391
388 392
388 393
388 394
389 26
389 151
389 390
389 391
389 392
389 393
389 394
390 26
390 151
390 391
390 392
390 393
390 394
391 26
391 151
391 392
391 393
391 394
392 151
392 393
392 394
393 151
393 394
394 47
395 6
395 14
395 88
395 91
395 129
395 396
395 397
395 398
395 399
395 400
395 1633
395 1635
395 1636
395 1637
395 1638
395 1639
396 6
396 91
396 397
396 398
396 399
396 400
397 91
397 398
397 399
397 400
398 91
398 399
398 400
399 91
399 400
400 91
401 70
401 129
401 151
401 168
401 280
401 379
401 381
401 382
401 402
401 403
401 410
401 425
401 436
402 403
403 10
403 163
403 268
403 269
403 446
403 737
403 1003
403 1854
403 1855
404 14
404 70
404 75
404 91
404 212
404 274
404 276
404 405
404 406
404 407
404 408
404 409
404 420
404 421
404 422
404 423
404 424
405 14
405 91
405 170
405 406
405 407
405 408
405 409
405 615
405 616
405 617
405 618
405 619
406 14
406 91
406 407
406 408
406 409
407 14
407 91
407 408
407 409
408 14
408 91
408 409
410 151
410 436
411 6
411 105
411 412
411 413
411 414
411 415
411 416
411 417
411 418
412 6
412 105
412 413
412 414
412 415
412 416
412 417
412 418
413 6
413 105
413 414
413 415
413 416
413 417
413 418
414 288
414 415
414 416
414 417
414 418
414 591
414 745
414 1795
414 1796
414 1797
414 1798
414 1801
415 10
415 36
415 416
415 417
415 418
415 426
416 417
416 418
417 418
419 75
419 106
419 120
419 146
419 203
419 212
419 276
419 328
419 404
419 420
419 421
419 422
419 423
419 424
419 890
419 899
419 900
419 901
420 75
420 212
420 276
420 421
420 422
420 423
420 424
421 75
421 212
421 276
421 422
421 423
421 424
422 75
422 212
422 423
422 424
423 75
423 97
423 424
423 439
423 440
423 441
424 75
425 70
425 168
425 280
425 379
425 381
425 382
427 280
427 428
427 429
427 430
427 431
427 432
427 433
427 434
427 435
428 280
428 429
428 430
428 431
428 432
428 433
428 434
428 435
429 280
429 430
429 431
429 432
429 433
429 434
429 435
430 280
430 431
430 432
430 433
430 434
430 435
431 280
431 432
431 433
431 434
431 435
431 1113
431 1147
432 280
432 433
432 434
432 435
433 280
433 434
433 435
434 280
434 435
435 280
437 57
437 97
437 164
437 276
437 423
437 438
437 439
437 440
437 441
438 57
438 97
438 276
438 423
438 439
438 440
438 441
439 97
439 440
439 441
440 97
440 441
442 6
442 36
442 322
442 443
442 444
442 445
442 446
442 516
442 542
442 556
442 557
443 444
443 445
443 446
444 1
444 6
444 322
444 403
444 445
444 446
444 459
444 505
444 506
444 507
444 552
444 553
445 146
445 183
445 268
445 446
445 989
445 1238
445 1646
447 36
447 42
447 81
447 106
447 119
447 448
447 449
447 450
447 451
448 6
448 34
448 36
448 42
448 45
448 47
448 70
448 72
448 77
448 79
448 81
448 106
448 119
448 127
448 147
448 323
448 368
448 394
448 444
448 449
448 450
448 451
448 496
448 497
448 498
448 499
448 500
448 501
448 503
448 504
448 505
448 506
448 507
448 509
448 510
448 511
448 521
448 541
448 542
448 543
448 546
448 547
448 548
448 549
448 550
448 574
448 575
448 576
448 1254
448 1255
448 1789
449 36
449 42
449 81
449 106
449 119
449 450
449 451
450 36
450 42
450 77
450 81
450 106
450 119
450 127
450 451
450 498
450 509
450 510
450 511
450 1789
451 36
451 42
451 81
451 106
451 119
452 322
452 453
452 454
452 455
452 456
452 457
453 322
453 454
453 455
453 456
453 457
454 322
454 455
454 456
454 457
455 98
455 322
455 456
455 457
456 320
456 457
456 1671
458 1
458 6
458 322
458 444
458 459
459 1
460 461
460 462
460 463
460 464
460 465
460 466
460 467
460 468
460 469
461 462
461 463
461 464
461 465
461 466
461 467
461 468
461 469
462 5
462 6
462 42
462 282
462 322
462 331
462 444
462 463
462 464
462 465
462 466
462 467
462 468
462 469
462 490
462 492
462 527
462 528
462 554
463 331
463 464
463 465
463 466
463 467
463 468
463 469
463 527
463 528
464 465
464 466
464 467
464 468
464 469
465 466
465 467
465 468
465 469
466 467
466 468
466 469
467 468
467 469
468 469
469 6
469 42
469 282
469 322
469 354
469 444
469 552
469 554
469 563
470 70
470 77
470 85
470 133
470 207
470 471
470 472
470 473
471 8
471 10
471 26
471 70
471 74
471 77
471 85
471 91
471 105
471 133
471 163
471 170
471 207
471 268
471 472
471 473
471 625
471 743
471 754
471 817
471 831
471 832
471 833
471 852
471 1743
471 1753
471 1767
471 1768
471 1769
471 1770
471 1771
471 1772
471 1773
471 1774
471 1775
471 1790
471 1791
472 70
472 77
472 133
472 207
472 473
473 162
473 326
473 771
473 1242
473 1243
473 1244
474 1
474 2
474 32
474 33
474 34
474 36
474 70
474 129
474 133
474 232
474 475
474 476
474 477
474 478
474 542
474 754
474 1040
474 1041
475 32
475 33
475 34
475 70
475 232
475 476
475 477
475 478
476 32
476 33
476 34
476 70
476 232
476 276
476 359
476 477
476 478
476 681
476 731
476 864
476 865
476 866
476 867
476 868
476 869
476 1600
476 1659
476 1662
476 1663
476 1664
476 1665
477 478
479 6
479 36
479 186
479 480
479 481
479 482
479 483
479 484
479 485
479 652
479 684
479 685
479 686
479 687
479 688
479 689
479 690
480 6
480 36
480 186
480 481
480 482
480 483
480 484
480 485
481 6
481 36
481 186
481 482
481 483
481 484
481 485
482 6
482 36
482 186
482 483
482 484
482 485
483 6
483 36
483 186
483 484
483 485
484 6
484 36
484 186
484 485
485 6
485 224
485 1292
485 1293
485 1294
486 331
486 332
486 462
486 463
486 487
486 488
486 489
486 490
486 491
486 492
486 493
486 494
486 525
486 526
486 527
486 528
487 332
487 488
487 489
487 490
487 491
487 492
487 493
487 494
488 129
488 251
488 332
488 489
488 490
488 491
488 492
488 493
488 494
488 1071
488 1072
488 1073
488 1074
488 1075
488 1076
488 1077
489 490
489 491
489 492
489 493
489 494
490 331
490 463
490 491
490 492
490 493
490 494
490 527
490 528
491 492
491 493
491 494
492 331
492 463
492 490
492 493
492 494
492 527
492 528
493 494
495 77
495 323
495 448
495 496
495 497
495 498
495 499
495 500
495 501
495 523
495 536
495 578
495 579
495 580
495 581
495 582
495 583
496 77
496 323
496 497
496 498
496 499
496 500
496 501
497 77
497 81
497 323
497 498
497 499
497 500
497 501
497 504
497 509
497 576
498 36
498 499
498 500
498 501
498 511
499 500
499 501
500 6
500 81
500 444
500 501
500 504
500 505
500 506
500 507
500 509
502 6
502 79
502 81
502 444
502 448
502 497
502 500
502 503
502 504
502 505
502 506
502 507
502 509
502 576
503 6
503 81
503 444
503 497
503 500
503 504
503 505
503 506
503 507
503 509
503 576
504 6
504 73
504 75
504 81
504 106
504 119
504 444
504 505
504 506
504 507
504 509
504 520
504 521
504 522
505 506
505 507
506 507
508 36
508 77
508 127
508 448
508 450
508 498
508 509
508 510
508 511
509 36
509 77
509 81
509 127
509 498
509 510
509 511
510 36
510 498
510 511
511 36
512 16
512 34
512 118
512 448
512 513
512 514
512 515
512 516
512 517
513 16
513 34
513 118
513 448
513 514
513 515
513 516
513 517
514 34
514 118
514 448
514 515
514 516
514 517
515 34
515 77
515 118
515 448
515 516
515 517
515 568
515 569
515 570
516 6
516 34
516 36
516 118
516 147
516 322
516 448
516 517
516 542
516 545
516 546
516 547
516 548
516 549
516 550
516 557
517 34
517 118
517 448
518 73
518 75
518 106
518 119
518 504
518 519
518 520
518 521
518 522
519 73
519 75
519 106
519 119
519 504
519 520
519 521
519 522
520 73
520 75
520 106
520 521
520 522
521 73
521 368
521 403
521 444
521 446
521 522
521 543
521 552
521 553
523 5
523 6
523 42
523 282
523 322
523 444
523 448
523 462
523 469
523 524
523 554
523 581
523 582
523 583
524 72
524 448
524 529
525 331
525 462
525 463
525 490
525 492
525 526
525 527
525 528
526 331
526 462
526 463
526 490
526 492
526 527
526 528
527 331
527 528
528 331
529 72
530 531
530 532
530 533
530 534
530 535
530 536
530 537
530 538
530 539
531 532
531 533
531 534
531 535
531 536
531 537
531 538
531 539
532 533
532 534
532 535
532 536
532 537
532 538
532 539
533 534
533 535
533 536
533 537
533 538
533 539
534 535
534 536
534 537
534 538
534 539
535 536
535 537
535 538
535 539
536 523
536 537
536 538
536 539
536 580
536 581
536 582
536 583
537 538
537 539
538 539
540 34
540 72
540 368
540 448
540 521
540 541
540 542
540 543
541 72
541 368
541 521
541 542
541 543
542 125
542 368
542 521
542 543
542 557
542 754
542 1200
542 1201
544 147
544 448
544 516
544 545
544 546
544 547
544 548
544 549
544 550
545 147
545 448
545 546
545 547
545 548
545 549
545 550
546 42
546 147
546 323
546 547
546 548
546 549
546 550
546 575
547 147
547 548
547 549
547 550
548 147
548 549
548 550
549 147
549 550
550 6
550 45
550 91
550 147
550 734
550 850
550 851
550 852
550 853
550 857
550 862
551 42
551 77
551 403
551 444
551 446
551 521
551 552
551 553
552 6
552 234
552 322
552 354
552 403
552 446
552 553
552 898
552 1130
552 1694
553 403
553 446
554 444
555 6
555 36
555 77
555 322
555 442
555 516
555 542
555 556
555 557
556 6
556 36
556 322
556 516
556 542
556 557
558 91
558 322
558 354
558 469
558 552
558 559
558 560
558 561
558 562
558 563
558 890
558 1026
558 1374
558 1381
558 1395
558 1443
558 1444
559 322
559 354
559 469
559 552
559 560
559 561
559 562
559 563
560 322
560 354
560 469
560 552
560 561
560 562
560 563
561 322
561 354
561 469
561 552
561 562
561 563
562 322
562 354
562 469
562 552
562 563
562 788
563 322
563 354
563 552
564 77
564 515
564 565
564 566
564 567
564 568
564 569
564 570
565 77
565 515
565 566
565 567
565 568
565 569
565 570
566 77
566 515
566 567
566 568
566 569
566 570
567 77
567 515
567 568
567 569
567 570
568 569
568 570
569 570
571 42
571 70
571 323
571 448
571 546
571 572
571 573
571 574
571 575
572 42
572 70
572 323
572 448
572 546
572 573
572 574
572 575
573 42
573 70
573 323
573 448
573 546
573 574
573 575
574 42
574 70
574 323
574 546
574 575
575 42
575 323
576 81
576 500
576 504
576 509
577 495
577 523
577 536
577 578
577 579
577 580
577 581
577 582
577 583
578 523
578 536
578 579
578 580
578 581
578 582
578 583
579 523
579 536
579 580
579 581
579 582
579 583
580 523
580 581
580 582
580 583
581 582
581 583
582 583
584 91
584 129
584 585
584 586
584 587
584 588
584 589
584 590
584 591
584 592
584 650
584 674
585 57
585 91
585 194
585 270
585 586
585 587
585 588
585 589
585 590
585 591
585 592
585 624
585 687
585 738
585 739
585 740
585 851
585 902
585 903
585 904
585 905
585 906
585 907
586 40
586 91
586 129
586 253
586 584
586 587
586 588
586 589
586 590
586 591
586 592
586 650
586 671
586 672
586 673
586 674
586 771
586 821
586 932
586 933
586 934
586 935
587 91
587 588
587 589
587 590
587 591
587 592
588 91
588 246
588 320
588 589
588 590
588 591
588 592
588 639
588 640
588 641
588 642
588 643
588 644
588 645
589 91
589 270
589 590
589 591
589 592
589 624
589 687
589 739
589 740
590 591
590 592
591 8
591 10
591 41
591 197
591 592
591 745
591 754
591 1054
591 1104
591 1105
591 1106
591 1766
591 1816
593 70
593 93
593 219
593 270
593 594
593 595
593 596
593 597
593 598
593 599
593 600
593 601
593 661
593 707
593 708
593 709
593 710
593 711
594 219
594 595
594 596
594 597
594 598
594 599
594 600
594 601
595 596
595 597
595 598
595 599
595 600
595 601
596 597
596 598
596 599
596 600
596 601
597 36
597 598
597 599
597 600
597 601
597 714
597 715
597 716
597 717
597 718
597 1202
597 1321
597 1322
597 1323
597 1324
598 599
598 600
598 601
599 600
599 601
600 601
602 36
602 91
602 603
602 604
602 615
602 624
602 636
602 637
602 638
603 36
603 91
603 604
603 615
603 624
603 636
603 637
603 638
604 36
604 91
604 624
605 49
605 133
605 270
605 606
605 607
605 608
605 609
605 610
605 611
605 612
605 613
605 659
605 660
605 661
605 662
606 607
606 608
606 609
606 610
606 611
606 612
606 613
607 608
607 609
607 610
607 611
607 612
607 613
608 609
608 610
608 611
608 612
608 613
609 610
609 611
609 612
609 613
610 611
610 612
610 613
611 612
611 613
612 613
614 170
614 180
614 405
614 615
614 616
614 617
614 618
614 619
615 36
615 170
615 616
615 617
615 618
615 619
615 636
615 637
615 638
616 170
616 617
616 618
616 619
617 170
617 618
617 619
618 619
618 1003
620 322
620 621
620 622
620 623
620 624
620 625
621 322
621 622
621 623
621 624
621 625
622 322
622 623
622 624
622 625
623 322
623 624
623 625
624 625
624 862
624 940
624 941
625 10
625 170
625 852
625 1759
625 1760
625 1761
625 1762
626 405
626 627
626 628
626 629
626 630
626 631
626 632
627 405
627 628
627 629
627 630
627 631
627 632
628 405
628 629
628 630
628 631
628 632
629 405
629 630
629 631
629 632
629 726
629 727
629 728
629 729
629 730
630 405
630 631
630 632
631 405
631 632
632 405
632 668
632 669
633 36
633 93
633 602
633 603
633 615
633 634
633 635
633 636
633 637
633 638
633 683
633 693
633 694
633 720
633 721
633 722
634 36
634 602
634 603
634 615
634 635
634 636
634 637
634 638
635 36
635 93
635 602
635 603
635 615
635 633
635 636
635 637
635 638
635 683
635 693
635 694
635 720
635 721
635 722
636 36
636 637
636 638
637 36
637 638
639 246
639 320
639 640
639 641
639 642
639 643
639 644
639 645
640 246
640 320
640 641
640 642
640 643
640 644
640 645
641 246
641 320
641 642
641 643
641 644
641 645
642 320
642 643
642 644
642 645
643 320
643 644
643 645
644 320
644 645
645 235
645 1567
646 647
646 648
646 649
646 650
646 651
646 652
646 653
646 654
646 655
647 648
647 649
647 650
647 651
647 652
647 653
647 654
647 655
648 649
648 650
648 651
648 652
648 653
648 654
648 655
648 683
649 650
649 651
649 652
649 653
649 654
649 655
650 129
650 651
650 652
650 653
650 654
650 655
650 674
651 652
651 653
651 654
651 655
652 6
652 653
652 654
652 655
652 685
652 686
652 687
652 688
652 689
652 690
653 654
653 655
654 655
656 133
656 270
656 605
656 657
656 658
656 659
656 660
656 661
656 662
657 133
657 270
657 605
657 629
657 658
657 659
657 660
657 661
657 662
657 723
657 724
657 725
657 726
657 727
657 728
657 729
657 730
658 133
658 270
658 605
658 659
658 660
658 661
658 662
659 660
659 661
659 662
660 661
660 662
661 70
661 93
661 270
661 662
661 709
661 710
661 711
663 251
663 363
663 632
663 664
663 665
663 666
663 667
663 668
663 669
664 251
664 363
664 632
664 665
664 666
664 667
664 668
664 669
665 251
665 363
665 632
665 666
665 667
665 668
665 669
666 251
666 363
666 632
666 667
666 668
666 669
667 251
667 363
667 632
667 668
667 669
668 42
668 194
668 394
668 669
668 718
668 750
668 761
668 762
668 986
670 129
670 253
670 584
670 586
670 650
670 671
670 672
670 673
670 674
671 129
671 253
671 584
671 650
671 672
671 673
671 674
672 129
672 584
672 650
672 673
672 674
673 129
673 584
673 650
673 674
675 648
675 676
675 677
675 678
675 679
675 680
675 681
675 682
675 683
676 648
676 677
676 678
676 679
676 680
676 681
676 682
676 683
677 648
677 678
677 679
677 680
677 681
677 682
677 683
678 648
678 679
678 680
678 681
678 682
678 683
679 648
679 680
679 681
679 682
679 683
680 648
680 681
680 682
680 683
681 91
681 591
681 648
681 682
681 683
681 745
681 1054
682 648
682 683
684 6
684 652
684 685
684 686
684 687
684 688
684 689
684 690
685 6
685 686
685 687
685 688
685 689
685 690
686 687
686 688
686 689
686 690
687 624
687 688
687 689
687 690
688 689
688 690
689 690
690 3
691 194
691 692
691 693
691 694
691 695
691 696
691 697
691 698
691 699
692 194
692 693
692 694
692 695
692 696
692 697
692 698
692 699
693 93
693 194
693 683
693 694
693 695
693 696
693 697
693 698
693 699
693 721
693 722
694 194
694 683
694 695
694 696
694 697
694 698
694 699
695 194
695 696
695 697
695 698
695 699
696 194
696 697
696 698
696 699
696 898
697 194
697 698
697 699
698 194
698 699
700 219
700 229
700 253
700 701
700 702
700 703
700 704
700 705
700 706
701 219
701 229
701 253
701 702
701 703
701 704
701 705
701 706
702 229
702 253
702 703
702 704
702 705
702 706
703 229
703 704
703 705
703 706
704 705
704 706
705 706
707 70
707 93
707 270
707 661
707 708
707 709
707 710
707 711
708 70
708 93
708 270
708 661
708 709
708 710
708 711
709 710
709 711
710 711
712 36
712 597
712 713
712 714
712 715
712 716
712 717
712 718
713 36
713 597
713 714
713 715
713 716
713 717
713 718
714 36
714 715
714 716
714 717
714 718
715 36
715 716
715 717
715 718
716 36
716 717
716 718
717 36
717 718
718 1
718 36
718 105
718 197
718 394
718 625
718 858
718 1100
718 1187
718 1204
718 1205
719 93
719 633
719 635
719 683
719 693
719 694
719 720
719 721
719 722
720 93
720 683
720 693
720 694
720 721
720 722
721 93
721 683
721 694
721 722
722 683
722 694
723 88
723 395
723 629
723 724
723 725
723 726
723 727
723 728
723 729
723 730
723 1068
723 1109
723 1633
723 1635
723 1636
723 1637
723 1638
723 1639
723 1705
723 1706
723 1707
723 1708
723 1709
723 1710
724 629
724 725
724 726
724 727
724 728
724 729
724 730
725 629
725 726
725 727
725 728
725 729
725 730
726 727
726 728
726 729
726 730
727 728
727 729
727 730
728 3
728 729
728 730
728 853
728 858
728 948
728 961
728 962
728 963
728 964
728 965
728 966
728 967
728 969
728 970
728 971
728 972
728 973
729 730
731 91
731 133
731 403
731 681
731 732
731 733
731 734
731 735
731 736
731 737
731 850
731 853
731 854
731 855
731 856
731 857
731 858
731 859
731 865
731 866
731 867
731 868
731 869
732 91
732 403
732 733
732 734
732 735
732 736
732 737
733 91
733 403
733 734
733 735
733 736
733 737
734 45
734 403
734 735
734 736
734 737
734 851
734 852
734 853
734 938
734 1579
734 1580
735 403
735 736
735 737
736 403
736 737
738 91
738 270
738 589
738 624
738 687
738 739
738 740
739 91
739 624
739 687
739 740
740 91
740 624
740 687
741 10
741 41
741 591
741 742
741 743
741 744
741 745
741 1792
741 1793
741 1802
742 0
742 6
742 10
742 129
742 591
742 743
742 744
742 745
742 754
742 755
742 756
742 757
742 758
743 0
743 5
743 8
743 10
743 21
743 70
743 74
743 163
743 268
743 591
743 744
743 745
743 751
743 752
743 753
743 754
743 764
743 768
743 796
743 801
743 802
743 803
743 805
743 806
743 807
743 808
743 809
743 811
743 812
743 813
743 814
743 832
743 833
744 0
744 6
744 10
744 98
744 591
744 745
744 842
744 1053
744 1418
744 1419
744 1603
744 1718
744 1719
744 1720
744 1792
744 1793
745 163
745 194
745 687
745 1704
745 1798
746 5
746 743
746 747
746 748
746 749
746 750
746 751
746 752
746 753
747 5
747 36
747 129
747 743
747 748
747 749
747 750
747 751
747 752
747 753
747 754
747 765
747 777
747 778
747 779
747 780
747 781
747 843
747 844
747 845
747 846
747 847
747 848
748 5
748 743
748 749
748 750
748 751
748 752
748 753
749 5
749 743
749 750
749 751
749 752
749 753
750 0
750 5
750 8
750 10
750 194
750 268
750 591
750 743
750 751
750 752
750 753
750 761
750 762
751 743
751 752
751 753
751 796
751 805
751 806
751 811
751 812
751 813
751 814
752 753
753 754
753 765
753 844
753 845
753 846
753 847
753 848
754 8
754 10
754 36
754 74
754 197
754 350
754 755
754 756
754 757
754 758
754 832
754 833
754 848
754 1520
754 1766
754 1781
755 756
755 757
755 758
756 757
756 758
757 758
757 1217
757 1801
757 1812
757 1813
758 36
758 83
758 105
758 1221
758 1222
758 1223
758 1224
758 1227
758 1228
758 1229
758 1520
759 33
759 70
759 194
759 668
759 750
759 760
759 761
759 762
760 194
760 668
760 750
760 761
760 762
761 194
761 762
763 0
763 6
763 10
763 26
763 70
763 77
763 82
763 98
763 162
763 207
763 455
763 625
763 764
763 765
763 1782
763 1783
763 1784
763 1785
764 26
764 82
764 98
764 162
764 163
764 268
764 455
764 765
764 801
764 802
764 803
765 26
765 41
765 82
765 93
765 98
765 105
765 106
765 162
765 235
765 269
765 403
765 455
765 741
765 754
765 844
765 845
765 846
765 847
765 848
765 1250
765 1251
765 1252
765 1598
765 1792
765 1793
765 1802
765 1853
765 1854
765 1855
766 0
766 8
766 10
766 21
766 70
766 77
766 173
766 253
766 268
766 743
766 751
766 767
766 768
766 789
766 790
766 791
766 792
766 793
766 796
766 805
766 806
766 811
766 812
766 813
766 814
767 0
767 8
767 10
767 21
767 70
767 268
767 743
767 768
768 10
768 268
769 70
769 163
769 318
769 770
769 771
769 772
769 773
769 774
769 775
770 163
770 318
770 771
770 772
770 773
770 774
770 775
771 40
771 163
771 318
771 326
771 772
771 773
771 774
771 775
771 821
771 934
771 935
771 1243
771 1244
772 163
772 318
772 773
772 774
772 775
773 197
773 318
773 718
773 774
773 775
773 1100
773 1131
774 775
776 36
776 129
776 747
776 754
776 777
776 778
776 779
776 780
776 781
777 36
777 129
777 754
777 778
777 779
777 780
777 781
778 36
778 754
778 779
778 780
778 781
779 36
779 754
779 780
779 781
780 36
780 754
780 781
781 36
781 82
781 754
781 833
781 1780
781 1781
782 69
782 93
782 562
782 783
782 784
782 785
782 786
782 787
782 788
783 93
783 562
783 784
783 785
783 786
783 787
783 788
784 562
784 785
784 786
784 787
784 788
785 562
785 786
785 787
785 788
786 562
786 787
786 788
787 562
787 788
789 70
789 77
789 253
789 790
789 791
789 792
789 793
790 70
790 77
790 253
790 791
790 792
790 793
791 70
791 77
791 792
791 793
792 70
792 77
792 793
794 77
794 129
794 231
794 795
794 796
794 797
794 798
795 6
795 77
795 231
795 591
795 796
795 797
795 798
795 1480
795 1481
795 1482
795 1483
795 1484
795 1784
795 1793
795 1800
795 1815
795 1816
796 77
796 231
796 797
796 798
796 806
796 814
797 798
799 70
799 163
799 268
799 743
799 764
799 800
799 801
799 802
799 803
800 70
800 163
800 268
800 743
800 764
800 801
800 802
800 803
801 163
801 268
801 802
801 803
802 163
802 268
802 803
803 268
804 33
804 70
804 268
804 743
804 805
804 806
804 807
804 808
804 809
805 268
805 796
805 806
805 807
805 808
805 809
805 813
805 814
806 268
806 807
806 808
806 809
806 814
807 268
807 808
807 809
808 268
808 445
808 809
808 987
808 988
808 989
809 268
809 840
809 841
809 842
810 0
810 8
810 10
810 33
810 268
810 591
810 750
810 1058
810 1267
810 1268
811 796
811 805
811 806
811 812
811 813
811 814
812 796
812 805
812 806
812 813
812 814
813 796
813 806
813 814
814 10
814 163
814 403
814 1576
815 10
815 70
815 816
815 817
815 818
815 819
815 820
815 821
815 822
816 10
816 817
816 818
816 819
816 820
816 821
816 822
817 6
817 10
817 70
817 82
817 163
817 170
817 208
817 591
817 625
817 754
817 781
817 795
817 818
817 819
817 820
817 821
817 822
817 833
817 852
817 1779
817 1780
817 1781
817 1784
817 1790
817 1791
817 1793
817 1800
817 1815
817 1816
818 10
818 819
818 820
818 821
818 822
819 10
819 820
819 821
819 822
820 821
820 822
821 40
821 288
821 320
821 758
821 822
821 934
821 935
821 1221
821 1222
821 1223
821 1224
821 1267
821 1713
821 1714
823 6
823 106
823 824
823 825
823 826
824 6
824 106
824 825
824 826
825 6
825 106
825 826
826 6
826 106
828 829
828 830
829 830
831 8
831 10
831 70
831 74
831 743
831 754
831 832
831 833
832 833
833 1781
834 14
834 82
834 101
834 282
834 403
834 835
834 836
834 837
834 838
835 14
835 82
835 101
835 282
835 403
835 836
835 837
835 838
836 82
836 101
836 282
836 403
836 837
836 838
837 101
837 282
837 403
837 838
838 282
838 403
839 0
839 6
839 33
839 129
839 207
839 809
839 840
839 841
839 842
840 841
840 842
841 842
843 753
843 754
843 765
843 844
843 845
843 846
843 847
843 848
844 754
844 845
844 846
844 847
844 848
845 754
845 846
845 847
845 848
846 754
846 847
846 848
847 754
847 848
849 6
849 45
849 91
849 550
849 734
849 850
849 851
849 852
849 853
850 45
850 91
850 734
850 851
850 852
850 853
850 857
850 858
850 859
851 45
851 91
851 194
851 852
851 853
851 907
852 853
853 858
853 859
853 862
853 894
853 895
853 1610
854 133
854 322
854 696
854 850
854 853
854 855
854 856
854 857
854 858
854 859
854 862
854 893
854 894
854 895
854 897
854 898
854 952
855 133
855 850
855 853
855 856
855 857
855 858
855 859
856 133
856 850
856 853
856 857
856 858
856 859
857 853
857 858
857 859
857 894
857 895
858 235
858 645
858 859
858 1567
860 550
860 857
860 861
860 862
861 251
861 253
861 550
861 857
861 862
861 919
861 920
861 921
861 922
861 1110
861 1111
861 1112
861 1113
861 1114
862 36
862 198
862 857
862 941
862 953
862 981
862 1492
862 1493
862 1494
862 1495
863 42
863 91
863 476
863 681
863 731
863 734
863 864
863 865
863 866
863 867
863 868
863 869
863 917
863 938
863 1577
863 1578
863 1579
863 1580
864 681
864 731
864 865
864 866
864 867
864 868
864 869
865 681
865 866
865 867
865 868
865 869
866 681
866 867
866 868
866 869
867 681
867 868
867 869
868 681
868 869
869 681
870 718
870 871
870 872
870 873
870 874
870 875
870 876
870 877
870 878
871 718
871 872
871 873
871 874
871 875
871 876
871 877
871 878
872 718
872 873
872 874
872 875
872 876
872 877
872 878
873 718
873 874
873 875
873 876
873 877
873 878
874 718
874 875
874 876
874 877
874 878
875 718
875 876
875 877
875 878
876 718
876 877
876 878
877 718
877 878
878 718
879 271
879 880
879 881
879 882
879 883
879 884
879 885
879 886
879 887
880 271
880 881
880 882
880 883
880 884
880 885
880 886
880 887
880 892
880 925
880 926
880 927
880 928
880 929
880 930
881 271
881 880
881 882
881 883
881 884
881 885
881 886
881 887
881 892
881 925
881 926
881 927
881 928
881 929
881 930
882 271
882 883
882 884
882 885
882 886
882 887
883 271
883 884
883 885
883 886
883 887
884 271
884 885
884 886
884 887
885 271
885 886
885 887
886 261
886 271
886 887
886 948
886 949
886 950
886 951
888 8
888 91
888 889
888 890
888 891
889 8
889 91
889 890
889 891
890 8
890 91
890 106
890 891
891 8
892 133
892 253
892 853
892 854
892 857
892 861
892 862
892 893
892 894
892 895
892 916
892 917
892 918
892 919
892 920
892 921
892 922
892 927
892 928
892 929
892 930
893 133
893 853
893 857
893 862
893 894
893 895
894 862
894 895
895 862
896 322
896 696
896 854
896 897
896 898
897 696
897 898
898 6
898 264
898 1130
898 1694
899 106
899 120
899 146
899 328
899 890
899 900
899 901
900 106
900 120
900 328
900 890
900 901
901 106
901 890
902 91
902 194
902 851
902 903
902 904
902 905
902 906
902 907
903 91
903 194
903 851
903 904
903 905
903 906
903 907
904 91
904 194
904 851
904 905
904 906
904 907
905 91
905 194
905 851
905 906
905 907
905 1237
905 1371
906 91
906 194
906 851
906 907
908 473
908 909
908 910
908 911
908 912
908 913
908 914
908 915
909 473
909 910
909 911
909 912
909 913
909 914
909 915
910 14
910 93
910 133
910 473
910 911
910 912
910 913
910 914
910 915
910 1172
910 1173
910 1174
911 473
911 912
911 913
911 914
911 915
912 473
912 913
912 914
912 915
913 473
913 914
913 915
914 473
914 915
915 473
916 253
916 861
916 917
916 918
916 919
916 920
916 921
916 922
917 42
917 91
917 253
917 734
917 861
917 918
917 919
917 920
917 921
917 922
917 938
917 1577
917 1578
917 1579
917 1580
918 253
918 861
918 919
918 920
918 921
918 922
919 253
919 920
919 921
919 922
920 253
920 921
920 922
921 253
921 922
923 718
924 261
924 880
924 881
924 886
924 892
924 925
924 926
924 927
924 928
924 929
924 930
924 946
924 947
924 948
924 949
924 950
924 951
925 892
925 926
925 927
925 928
925 929
925 930
926 892
926 927
926 928
926 929
926 930
927 928
927 929
927 930
928 261
928 886
928 929
928 930
928 946
928 947
928 948
928 949
928 950
928 951
929 930
931 40
931 253
931 586
931 771
931 821
931 932
931 933
931 934
931 935
932 40
932 771
932 821
932 933
932 934
932 935
933 40
933 771
933 821
933 934
933 935
934 40
934 935
935 40
936 119
936 624
936 862
936 937
936 938
936 939
936 940
936 941
937 119
937 624
937 862
937 938
937 939
937 940
937 941
938 119
938 624
938 862
938 939
938 940
938 941
938 1580
939 624
939 862
939 940
939 941
940 862
940 941
942 943
942 944
942 945
943 944
943 945
944 945
946 261
946 886
946 947
946 948
946 949
946 950
946 951
947 261
947 886
947 948
947 949
947 950
947 951
948 3
948 858
948 949
948 950
948 951
948 972
948 973
949 950
949 951
950 951
953 981
955 45
955 100
955 282
955 718
955 956
955 957
956 45
956 100
956 282
956 322
956 718
956 957
956 1300
956 1311
956 1312
956 1314
956 1342
956 1343
956 1344
956 1345
956 1346
956 1347
956 1364
956 1365
956 1366
956 1367
956 1368
956 1371
956 1372
956 1374
956 1375
956 1398
956 1399
957 45
957 100
957 718
958 728
958 853
959 445
960 3
960 728
960 961
960 962
960 963
960 964
960 965
960 966
960 967
961 3
961 962
961 963
961 964
961 965
961 966
961 967
962 3
962 963
962 964
962 965
962 966
962 967
963 3
963 964
963 965
963 966
963 967
964 3
964 965
964 966
964 967
965 3
965 966
965 967
966 3
966 101
966 105
966 163
966 718
966 967
968 3
968 728
968 858
968 948
968 969
968 970
968 971
968 972
968 973
969 3
969 858
969 948
969 970
969 971
969 972
969 973
970 3
970 858
970 948
970 971
970 972
970 973
971 3
971 858
971 948
971 972
971 973
972 3
972 10
972 268
972 403
972 858
972 973
972 1648
972 1649
973 3
973 858
974 235
974 975
974 976
974 977
974 978
974 979
975 235
975 976
975 977
975 978
975 979
976 235
976 977
976 978
976 979
977 235
977 978
977 979
978 235
978 979
979 235
980 862
980 953
980 981
982 42
982 70
982 394
982 668
982 718
982 983
982 984
982 985
982 986
983 42
983 70
983 394
983 668
983 718
983 984
983 985
983 986
984 42
984 394
984 668
984 718
984 985
984 986
985 42
985 394
985 668
985 718
985 986
986 394
986 718
987 0
987 101
987 268
987 445
987 781
987 988
987 989
987 1771
987 1829
987 1830
987 1831
987 1832
988 268
988 445
988 989
989 268
990 106
991 6
991 120
991 294
991 1501
991 1502
992 2
992 45
992 858
992 993
992 994
992 995
992 996
993 45
993 858
993 994
993 995
993 996
994 45
994 858
994 995
994 996
995 858
995 996
996 858
997 618
997 998
997 999
997 1000
997 1001
997 1002
997 1003
998 618
998 999
998 1000
998 1001
998 1002
998 1003
999 618
999 1000
999 1001
999 1002
999 1003
1000 618
1000 1001
1000 1002
1000 1003
1001 618
1001 1002
1001 1003
1002 618
1002 1003
1003 40
1003 48
1003 120
1003 146
1003 282
1003 445
1003 972
1003 1162
1003 1412
1003 1509
1003 1648
1003 1649
1004 2
1004 36
1004 91
1004 105
1004 1005
1004 1006
1004 1007
1004 1008
1004 1009
1005 2
1005 36
1005 91
1005 105
1005 1006
1005 1007
1005 1008
1005 1009
1006 36
1006 91
1006 105
1006 1007
1006 1008
1006 1009
1007 36
1007 91
1007 105
1007 1008
1007 1009
1008 36
1008 105
1008 1009
1009 36
1010 34
1010 1011
1010 1012
1010 1013
1010 1014
1010 1015
1010 1016
1010 1017
1010 1018
1011 34
1011 1012
1011 1013
1011 1014
1011 1015
1011 1016
1011 1017
1011 1018
1012 34
1012 1013
1012 1014
1012 1015
1012 1016
1012 1017
1012 1018
1013 34
1013 1014
1013 1015
1013 1016
1013 1017
1013 1018
1014 34
1014 1015
1014 1016
1014 1017
1014 1018
1015 34
1015 1016
1015 1017
1015 1018
1016 34
1016 1017
1016 1018
1017 34
1017 1018
1019 82
1019 246
1019 718
1019 858
1019 1020
1019 1021
1019 1022
1019 1023
1020 82
1020 246
1020 718
1020 858
1020 1021
1020 1022
1020 1023
1021 82
1021 246
1021 718
1021 858
1021 1022
1021 1023
1022 82
1022 246
1022 718
1022 858
1022 1023
1023 82
1023 105
1023 414
1023 718
1023 858
1023 1217
1024 1025
1024 1026
1024 1027
1025 1026
1025 1027
1026 91
1026 890
1026 1027
1026 1374
1026 1395
1028 8
1028 9
1028 106
1028 1029
1030 2
1030 91
1030 1008
1030 1031
1030 1032
1030 1033
1030 1034
1030 1035
1030 1036
1031 2
1031 91
1031 1008
1031 1032
1031 1033
1031 1034
1031 1035
1031 1036
1032 2
1032 91
1032 1008
1032 1033
1032 1034
1032 1035
1032 1036
1033 2
1033 91
1033 1008
1033 1034
1033 1035
1033 1036
1034 2
1034 91
1034 1008
1034 1035
1034 1036
1035 91
1035 1008
1035 1036
1036 91
1036 1008
1037 1038
1037 1039
1038 1039
1040 1
1040 2
1040 36
1040 129
1040 133
1040 542
1040 754
1040 1041
1041 1
1041 36
1041 133
1041 542
1041 754
1042 1043
1042 1047
1042 1050
1042 1051
1042 1052
1042 1053
1042 1054
1043 1700
1043 1701
1044 75
1044 191
1045 41
1045 70
1045 1046
1045 1047
1046 41
1046 1047
1046 1098
1046 1099
1046 1100
1047 41
1048 1042
1048 1047
1048 1049
1048 1050
1048 1051
1048 1052
1048 1053
1048 1054
1049 1042
1049 1047
1049 1050
1049 1051
1049 1052
1049 1053
1049 1054
1050 1047
1050 1051
1050 1052
1050 1053
1050 1054
1051 1047
1051 1052
1051 1053
1051 1054
1052 1047
1052 1053
1052 1054
1053 1047
1053 1054
1053 1603
1053 1720
1054 91
1054 745
1054 1047
1055 6
1055 91
1055 1056
1055 1057
1055 1058
1055 1059
1055 1060
1055 1061
1055 1086
1055 1087
1055 1088
1055 1089
1056 6
1056 91
1056 431
1056 591
1056 681
1056 745
1056 1054
1056 1057
1056 1058
1056 1059
1056 1060
1056 1061
1056 1086
1056 1087
1056 1088
1056 1089
1056 1113
1056 1145
1056 1146
1056 1147
1056 1688
1056 1689
1057 6
1057 91
1057 1058
1057 1059
1057 1060
1057 1061
1057 1086
1057 1087
1057 1088
1057 1089
1058 6
1058 33
1058 91
1058 431
1058 1056
1058 1059
1058 1060
1058 1061
1058 1113
1058 1145
1058 1146
1058 1147
1058 1233
1058 1234
1058 1235
1058 1236
1058 1267
1058 1268
1059 6
1059 91
1059 1060
1059 1061
1060 91
1060 1061
1060 1233
1060 1234
1060 1235
1060 1236
1061 91
1062 93
1062 288
1062 414
1062 1063
1062 1064
1062 1065
1062 1066
1063 288
1063 414
1063 1064
1063 1065
1063 1066
1064 288
1064 414
1064 1065
1064 1066
1065 288
1065 414
1065 1066
1066 288
1066 414
1067 56
1067 70
1067 105
1067 173
1067 288
1067 327
1067 1068
1067 1069
1067 1070
1068 56
1068 70
1068 105
1068 288
1068 327
1068 1069
1068 1070
1068 1707
1068 1708
1068 1709
1068 1710
1069 56
1069 70
1069 105
1069 288
1069 327
1069 1070
1071 129
1071 251
1071 1072
1071 1073
1071 1074
1071 1075
1071 1076
1071 1077
1072 129
1072 251
1072 1073
1072 1074
1072 1075
1072 1076
1072 1077
1073 129
1073 251
1073 1074
1073 1075
1073 1076
1073 1077
1074 129
1074 251
1074 1075
1074 1076
1074 1077
1075 129
1075 251
1075 1076
1075 1077
1076 129
1076 251
1076 1077
1077 129
1078 1047
1078 1079
1078 1080
1078 1081
1078 1082
1078 1083
1078 1084
1078 1085
1079 197
1079 718
1079 773
1079 1047
1079 1080
1079 1081
1079 1082
1079 1083
1079 1084
1079 1085
1079 1100
1079 1130
1079 1131
1080 1047
1080 1081
1080 1082
1080 1083
1080 1084
1080 1085
1081 1047
1081 1082
1081 1083
1081 1084
1081 1085
1082 1047
1082 1083
1082 1084
1082 1085
1083 1047
1083 1084
1083 1085
1084 1047
1084 1085
1085 1047
1086 6
1086 1059
1086 1087
1086 1088
1086 1089
1087 6
1087 91
1087 591
1087 681
1087 745
1087 1054
1087 1059
1087 1088
1087 1089
1088 6
1088 56
1088 163
1088 414
1088 1059
1088 1089
1088 1601
1088 1602
1088 1603
1088 1604
1089 6
1089 1059
1090 1091
1092 1046
1092 1093
1092 1094
1092 1095
1092 1096
1092 1097
1092 1098
1092 1099
1092 1100
1093 1046
1093 1094
1093 1095
1093 1096
1093 1097
1093 1098
1093 1099
1093 1100
1094 1046
1094 1095
1094 1096
1094 1097
1094 1098
1094 1099
1094 1100
1095 1046
1095 1096
1095 1097
1095 1098
1095 1099
1095 1100
1096 1046
1096 1097
1096 1098
1096 1099
1096 1100
1097 1046
1097 1098
1097 1099
1097 1100
1098 1099
1098 1100
1099 1100
1100 142
1100 197
1101 591
1101 1102
1101 1103
1101 1104
1101 1105
1101 1106
1102 591
1102 1103
1102 1104
1102 1105
1102 1106
1103 591
1103 1104
1103 1105
1103 1106
1104 1105
1104 1106
1105 1106
1107 251
1107 861
1107 1108
1107 1109
1107 1110
1107 1111
1107 1112
1107 1113
1107 1114
1108 251
1108 861
1108 1109
1108 1110
1108 1111
1108 1112
1108 1113
1108 1114
1109 251
1109 861
1109 1068
1109 1110
1109 1111
1109 1112
1109 1113
1109 1114
1109 1705
1109 1706
1109 1707
1109 1708
1109 1709
1109 1710
1110 251
1110 1111
1110 1112
1110 1113
1110 1114
1111 251
1111 1112
1111 1113
1111 1114
1112 251
1112 1113
1112 1114
1113 251
1113 1114
1113 1147
1115 105
1115 194
1115 288
1115 687
1115 745
1115 821
1115 1116
1115 1117
1115 1118
1115 1267
1115 1711
1115 1712
1115 1713
1115 1714
1116 194
1116 687
1116 745
1116 1117
1116 1118
1117 194
1117 687
1117 745
1117 1118
1118 163
1118 194
1118 687
1118 745
1118 1125
1118 1505
1118 1703
1118 1704
1119 744
1119 1053
1119 1603
1119 1718
1119 1719
1119 1720
1120 126
1120 219
1120 247
1120 1121
1120 1122
1120 1123
1120 1124
1120 1125
1120 1126
1121 247
1121 1122
1121 1123
1121 1124
1121 1125
1121 1126
1122 247
1122 1123
1122 1124
1122 1125
1122 1126
1123 247
1123 286
1123 1124
1123 1125
1123 1126
1123 1152
1123 1153
1123 1154
1123 1155
1124 247
1124 1125
1124 1126
1125 163
1125 745
1125 1126
1125 1505
1125 1703
1125 1704
1127 197
1127 718
1127 773
1127 1079
1127 1100
1127 1128
1127 1129
1127 1130
1127 1131
1128 197
1128 718
1128 773
1128 1079
1128 1100
1128 1129
1128 1130
1128 1131
1129 197
1129 718
1129 773
1129 1079
1129 1100
1129 1130
1129 1131
1130 6
1130 197
1130 718
1130 773
1130 1100
1130 1131
1130 1694
1131 197
1131 718
1131 1100
1132 1133
1132 1134
1132 1135
1132 1136
1132 1137
1132 1138
1132 1139
1132 1140
1132 1141
1133 1134
1133 1135
1133 1136
1133 1137
1133 1138
1133 1139
1133 1140
1133 1141
1134 1135
1134 1136
1134 1137
1134 1138
1134 1139
1134 1140
1134 1141
1135 1136
1135 1137
1135 1138
1135 1139
1135 1140
1135 1141
1136 1137
1136 1138
1136 1139
1136 1140
1136 1141
1137 1138
1137 1139
1137 1140
1137 1141
1138 1139
1138 1140
1138 1141
1139 1140
1139 1141
1140 1141
1142 431
1142 1056
1142 1058
1142 1113
1142 1143
1142 1144
1142 1145
1142 1146
1142 1147
1143 431
1143 1056
1143 1058
1143 1113
1143 1144
1143 1145
1143 1146
1143 1147
1144 431
1144 1056
1144 1058
1144 1113
1144 1145
1144 1146
1144 1147
1145 431
1145 1113
1145 1146
1145 1147
1146 431
1146 1113
1146 1147
1148 1149
1148 1150
1149 1150
1151 286
1151 1123
1151 1152
1151 1153
1151 1154
1151 1155
1152 286
1152 1153
1152 1154
1152 1155
1153 286
1153 1154
1153 1155
1154 286
1154 1155
1155 286
1156 40
1156 75
1156 1003
1156 1157
1156 1158
1156 1159
1156 1160
1156 1161
1156 1162
1157 40
1157 75
1157 1003
1157 1158
1157 1159
1157 1160
1157 1161
1157 1162
1158 40
1158 75
1158 1003
1158 1159
1158 1160
1158 1161
1158 1162
1159 40
1159 75
1159 1003
1159 1160
1159 1161
1159 1162
1160 40
1160 75
1160 1003
1160 1161
1160 1162
1161 40
1161 1003
1161 1162
1162 40
1163 40
1163 257
1163 1164
1163 1165
1163 1168
1163 1169
1164 40
1164 257
1164 1165
1166 1167
1168 1169
1170 14
1170 93
1170 133
1170 164
1170 910
1170 1171
1170 1172
1170 1173
1170 1174
1171 14
1171 93
1171 133
1171 910
1171 1172
1171 1173
1171 1174
1172 1173
1172 1174
1173 1174
1175 36
1175 1176
1175 1177
1175 1178
1175 1179
1175 1180
1176 36
1176 1177
1176 1178
1176 1179
1176 1180
1177 36
1177 1178
1177 1179
1177 1180
1178 36
1178 1179
1178 1180
1179 36
1179 1180
1180 36
1181 6
1181 320
1181 718
1181 1182
1181 1183
1181 1184
1181 1185
1181 1186
1181 1187
1182 6
1182 320
1182 718
1182 1183
1182 1184
1182 1185
1182 1186
1182 1187
1183 6
1183 125
1183 320
1183 542
1183 718
1183 1184
1183 1185
1183 1186
1183 1187
1183 1197
1183 1198
1183 1199
1183 1200
1183 1201
1184 6
1184 320
1184 718
1184 1185
1184 1186
1184 1187
1185 718
1185 1186
1185 1187
1186 718
1186 1187
1188 253
1188 363
1188 1189
1188 1190
1188 1191
1188 1192
1188 1193
1188 1194
1188 1195
1188 1196
1188 1581
1188 1582
1188 1583
1188 1584
1188 1585
1188 1586
1188 1587
1189 14
1189 105
1189 129
1189 253
1189 363
1189 365
1189 414
1189 1023
1189 1190
1189 1191
1189 1192
1189 1193
1189 1194
1189 1195
1189 1196
1189 1215
1189 1216
1189 1217
1189 1245
1190 1191
1190 1192
1190 1193
1190 1194
1190 1195
1190 1196
1191 1192
1191 1193
1191 1194
1191 1195
1191 1196
1192 1193
1192 1194
1192 1195
1192 1196
1193 1194
1193 1195
1193 1196
1194 1195
1194 1196
1195 1196
1197 125
1197 542
1197 1198
1197 1199
1197 1200
1197 1201
1198 125
1198 542
1198 1199
1198 1200
1198 1201
1199 125
1199 542
1199 1200
1199 1201
1200 125
1200 1201
1201 125
1202 10
1202 105
1202 718
1202 898
1202 1203
1202 1204
1202 1205
1202 1324
1202 1449
1202 1450
1203 105
1203 718
1203 1204
1203 1205
1204 1205
1206 320
1206 1207
1206 1208
1206 1209
1206 1210
1206 1211
1206 1212
1206 1213
1206 1214
1207 320
1207 1208
1207 1209
1207 1210
1207 1211
1207 1212
1207 1213
1207 1214
1208 320
1208 1209
1208 1210
1208 1211
1208 1212
1208 1213
1208 1214
1209 320
1209 1210
1209 1211
1209 1212
1209 1213
1209 1214
1210 320
1210 1211
1210 1212
1210 1213
1210 1214
1211 320
1211 1212
1211 1213
1211 1214
1212 320
1212 1213
1212 1214
1213 320
1213 1214
1214 101
1214 320
1214 368
1214 1685
1215 105
1215 129
1215 365
1215 414
1215 445
1215 1023
1215 1216
1215 1217
1215 1640
1215 1641
1215 1642
1215 1643
1215 1644
1215 1645
1215 1646
1216 105
1216 414
1216 1023
1216 1217
1217 105
1217 414
1218 320
1218 758
1218 821
1218 1219
1218 1220
1218 1221
1218 1222
1218 1223
1218 1224
1219 162
1219 320
1219 326
1219 473
1219 758
1219 771
1219 821
1219 1220
1219 1221
1219 1222
1219 1223
1219 1224
1219 1240
1219 1241
1219 1242
1219 1243
1219 1244
1220 320
1220 758
1220 821
1220 1221
1220 1222
1220 1223
1220 1224
1221 1222
1221 1223
1221 1224
1222 1223
1222 1224
1223 1224
1224 6
1224 1725
1224 1730
1225 6
1225 83
1225 105
1225 203
1225 758
1225 1226
1225 1227
1225 1228
1225 1229
1226 83
1226 105
1226 758
1226 1227
1226 1228
1226 1229
1227 83
1227 105
1227 1228
1227 1229
1228 83
1228 105
1228 1229
1229 105
1230 1058
1230 1060
1230 1231
1230 1232
1230 1233
1230 1234
1230 1235
1230 1236
1231 1058
1231 1060
1231 1232
1231 1233
1231 1234
1231 1235
1231 1236
1232 1058
1232 1060
1232 1233
1232 1234
1232 1235
1232 1236
1233 1234
1233 1235
1233 1236
1233 1498
1233 1499
1234 1235
1234 1236
1235 1236
1237 197
1237 1238
1237 1300
1237 1371
1238 197
1240 162
1240 326
1240 473
1240 771
1240 1241
1240 1242
1240 1243
1240 1244
1241 162
1241 326
1241 473
1241 771
1241 1242
1241 1243
1241 1244
1242 326
1242 771
1242 1243
1242 1244
1243 1244
1246 41
1246 93
1246 235
1246 765
1246 1247
1246 1248
1246 1249
1246 1250
1246 1251
1246 1252
1246 1260
1246 1261
1247 41
1247 93
1247 105
1247 106
1247 235
1247 765
1247 1248
1247 1249
1247 1250
1247 1251
1247 1252
1247 1260
1247 1261
1248 41
1248 93
1248 105
1248 106
1248 235
1248 765
1248 1249
1248 1250
1248 1251
1248 1252
1249 93
1249 235
1249 765
1249 1250
1249 1251
1249 1252
1250 41
1250 93
1250 235
1250 1251
1250 1252
1250 1260
1250 1261
1251 41
1251 105
1251 106
1251 235
1251 1252
1251 1261
1252 1571
1252 1572
1252 1573
1253 45
1253 47
1253 70
1253 394
1253 448
1253 1254
1253 1255
1254 45
1254 47
1254 394
1254 1255
1255 45
1255 47
1255 394
1256 129
1256 1257
1256 1258
1256 1259
1257 129
1257 1258
1257 1259
1258 1259
1260 41
1260 235
1260 1251
1260 1261
1261 41
1262 33
1262 810
1262 1058
1262 1263
1262 1264
1262 1265
1262 1266
1262 1267
1262 1268
1263 33
1263 810
1263 1058
1263 1264
1263 1265
1263 1266
1263 1267
1263 1268
1264 6
1264 33
1264 36
1264 70
1264 810
1264 1058
1264 1265
1264 1266
1264 1267
1264 1268
1265 33
1265 810
1265 1058
1265 1266
1265 1267
1265 1268
1266 33
1266 810
1266 1058
1266 1267
1266 1268
1267 1268
1267 1714
1269 70
1269 101
1269 105
1269 108
1269 163
1269 471
1269 718
1269 966
1269 1270
1269 1271
1269 1272
1269 1273
1269 1274
1269 1275
1269 1276
1269 1300
1269 1518
1269 1519
1269 1743
1269 1770
1269 1771
1269 1772
1269 1773
1269 1774
1269 1775
1270 105
1270 108
1270 1106
1270 1271
1270 1272
1270 1273
1270 1274
1270 1275
1270 1276
1270 1483
1271 105
1271 108
1271 1272
1271 1273
1271 1274
1271 1275
1271 1276
1272 108
1272 1273
1272 1274
1272 1275
1272 1276
1273 108
1273 1274
1273 1275
1273 1276
1274 1275
1274 1276
1275 1276
1277 82
1277 268
1277 1278
1277 1279
1277 1280
1277 1281
1277 1282
1277 1283
1277 1284
1278 82
1278 268
1278 1279
1278 1280
1278 1281
1278 1282
1278 1283
1278 1284
1279 82
1279 106
1279 133
1279 268
1279 972
1279 1003
1279 1280
1279 1281
1279 1282
1279 1283
1279 1284
1279 1647
1279 1648
1279 1649
1280 268
1280 1281
1280 1282
1280 1283
1280 1284
1281 1282
1281 1283
1281 1284
1282 1283
1282 1284
1283 1284
1285 1286
1285 1287
1286 1287
1288 152
1288 1261
1288 1289
1288 1290
1289 152
1289 1261
1289 1290
1290 152
1290 1261
1291 6
1291 224
1291 279
1291 485
1291 1292
1291 1293
1291 1294
1292 6
1292 224
1292 1293
1292 1294
1293 1294
1295 890
1295 1296
1295 1297
1295 1298
1295 1299
1295 1300
1295 1314
1295 1371
1295 1372
1295 1373
1295 1374
1296 890
1296 1297
1296 1298
1296 1299
1296 1300
1296 1314
1296 1371
1296 1372
1296 1373
1296 1374
1297 890
1297 1298
1297 1299
1297 1300
1297 1314
1297 1371
1297 1372
1297 1373
1297 1374
1298 890
1298 1299
1298 1300
1299 890
1299 1300
1299 1374
1300 101
1300 105
1300 163
1300 718
1300 890
1300 966
1300 1373
1300 1374
1301 6
1301 1302
1301 1303
1301 1304
1301 1305
1301 1306
1301 1307
1301 1308
1301 1470
1301 1471
1301 1472
1301 1473
1302 6
1302 1303
1302 1304
1302 1305
1302 1306
1302 1307
1302 1308
1303 6
1303 1304
1303 1305
1303 1306
1303 1307
1303 1308
1304 6
1304 1305
1304 1306
1304 1307
1304 1308
1305 6
1305 91
1305 1306
1305 1307
1305 1308
1305 1356
1305 1427
1305 1428
1305 1429
1305 1430
1305 1433
1305 1434
1305 1435
1305 1436
1305 1437
1305 1438
1305 1439
1305 1470
1305 1471
1305 1472
1305 1473
1305 1522
1305 1523
1305 1524
1305 1525
1305 1526
1305 1527
1305 1528
1306 6
1306 1307
1306 1308
1307 6
1307 1308
1309 91
1309 245
1309 253
1309 1300
1309 1310
1309 1311
1309 1312
1309 1313
1309 1314
1309 1315
1309 1316
1309 1326
1309 1327
1309 1328
1309 1329
1309 1330
1309 1331
1309 1332
1309 1359
1309 1360
1309 1361
1309 1362
1309 1363
1309 1369
1309 1381
1309 1425
1309 1536
1309 1537
1310 91
1310 1300
1310 1311
1310 1312
1310 1313
1310 1314
1310 1315
1310 1316
1311 91
1311 1300
1311 1312
1311 1313
1311 1314
1311 1315
1311 1316
1311 1343
1311 1344
1311 1345
1311 1346
1311 1347
1312 91
1312 1300
1312 1313
1312 1314
1312 1315
1312 1316
1312 1343
1312 1344
1312 1345
1312 1346
1312 1347
1313 1300
1313 1314
1313 1315
1313 1316
1314 40
1314 322
1314 1237
1314 1299
1314 1300
1314 1315
1314 1316
1314 1374
1314 1399
1315 1300
1315 1316
1316 1300
1317 597
1317 1202
1317 1318
1317 1319
1317 1320
1317 1321
1317 1322
1317 1323
1317 1324
1318 597
1318 1202
1318 1319
1318 1320
1318 1321
1318 1322
1318 1323
1318 1324
1319 597
1319 1202
1319 1320
1319 1321
1319 1322
1319 1323
1319 1324
1320 597
1320 1202
1320 1321
1320 1322
1320 1323
1320 1324
1321 1202
1321 1322
1321 1323
1321 1324
1322 1202
1322 1323
1322 1324
1323 1202
1323 1324
1324 107
1324 350
1324 1395
1324 1396
1324 1397
1325 253
1325 1005
1325 1309
1325 1326
1325 1327
1325 1328
1325 1329
1325 1330
1325 1331
1325 1332
1325 1341
1325 1357
1325 1358
1325 1359
1325 1360
1325 1361
1325 1362
1325 1363
1325 1381
1325 1474
1325 1475
1325 1476
1325 1477
1325 1478
1325 1529
1325 1530
1325 1531
1325 1532
1325 1547
1325 1548
1325 1549
1325 1550
1325 1551
1325 1552
1325 1553
1325 1554
1326 253
1326 1327
1326 1328
1326 1329
1326 1330
1326 1331
1326 1332
1327 253
1327 1328
1327 1329
1327 1330
1327 1331
1327 1332
1328 1005
1328 1309
1328 1311
1328 1329
1328 1330
1328 1331
1328 1332
1328 1341
1328 1342
1328 1350
1328 1351
1328 1352
1328 1353
1328 1357
1328 1358
1328 1359
1328 1360
1328 1361
1328 1362
1328 1363
1328 1381
1328 1475
1328 1476
1328 1477
1328 1478
1328 1529
1328 1530
1328 1531
1328 1532
1329 1330
1329 1331
1329 1332
1329 1341
1329 1360
1329 1531
1329 1532
1330 1331
1330 1332
1331 1332
1333 91
1333 129
1333 1334
1333 1335
1333 1336
1333 1337
1333 1338
1333 1339
1333 1340
1334 91
1334 129
1334 1335
1334 1336
1334 1337
1334 1338
1334 1339
1334 1340
1335 91
1335 129
1335 765
1335 1336
1335 1337
1335 1338
1335 1339
1335 1340
1335 1596
1335 1597
1335 1598
1336 91
1336 129
1336 1337
1336 1338
1336 1339
1336 1340
1337 91
1337 129
1337 1338
1337 1339
1337 1340
1338 91
1338 1339
1338 1340
1339 91
1339 1340
1341 956
1341 1311
1341 1312
1341 1328
1341 1342
1341 1343
1341 1344
1341 1345
1341 1346
1341 1347
1341 1350
1341 1351
1341 1352
1341 1353
1341 1532
1342 1311
1342 1312
1342 1343
1342 1344
1342 1345
1342 1346
1342 1347
1343 1344
1343 1345
1343 1346
1343 1347
1344 1345
1344 1346
1344 1347
1345 107
1345 261
1345 1346
1345 1347
1345 1454
1345 1466
1345 1557
1345 1558
1346 1347
1348 1311
1348 1328
1348 1341
1348 1342
1348 1349
1348 1350
1348 1351
1348 1352
1348 1353
1349 1311
1349 1328
1349 1341
1349 1342
1349 1350
1349 1351
1349 1352
1349 1353
1350 1311
1350 1342
1350 1351
1350 1352
1350 1353
1351 1311
1351 1342
1351 1352
1351 1353
1352 1311
1352 1342
1352 1353
1353 1311
1353 1342
1354 1305
1354 1355
1354 1356
1355 1305
1355 1356
1357 1309
1357 1329
1357 1341
1357 1358
1357 1359
1357 1360
1357 1361
1357 1362
1357 1363
1357 1529
1357 1530
1357 1531
1357 1532
1358 1309
1358 1359
1358 1360
1358 1361
1358 1362
1358 1363
1359 1005
1359 1325
1359 1328
1359 1360
1359 1361
1359 1362
1359 1363
1359 1381
1359 1474
1359 1475
1359 1476
1359 1477
1359 1478
1360 1341
1360 1361
1360 1362
1360 1363
1360 1532
1361 1305
1361 1362
1361 1363
1361 1423
1361 1424
1361 1425
1361 1426
1361 1427
1361 1428
1361 1429
1361 1430
1361 1538
1361 1539
1361 1540
1361 1541
1361 1542
1361 1543
1361 1544
1361 1545
1361 1546
1362 1363
1364 322
1364 1365
1364 1366
1364 1367
1364 1368
1365 322
1365 1366
1365 1367
1365 1368
1366 322
1366 1367
1366 1368
1367 1368
1368 8
1368 1653
1368 1654
1368 1655
1368 1656
1369 40
1369 322
1369 956
1369 1237
1369 1300
1369 1314
1369 1370
1369 1371
1369 1372
1369 1374
1369 1375
1369 1376
1369 1382
1369 1398
1369 1399
1371 1299
1371 1300
1371 1314
1371 1373
1371 1374
1371 1377
1372 40
1372 322
1372 1237
1372 1299
1372 1300
1372 1314
1372 1371
1372 1373
1372 1374
1372 1375
1372 1382
1372 1399
1373 1299
1373 1314
1373 1374
1374 40
1374 91
1374 322
1374 890
1374 1237
1374 1375
1374 1382
1374 1399
1375 40
1375 91
1375 234
1375 322
1375 552
1375 1237
1375 1300
1375 1314
1375 1371
1375 1382
1375 1399
1376 1370
1377 1237
1378 1202
1378 1379
1378 1380
1379 1202
1379 1380
1380 1202
1381 91
1381 107
1381 245
1381 322
1381 890
1381 1005
1381 1026
1381 1324
1381 1369
1381 1371
1381 1374
1381 1395
1381 1399
1381 1443
1381 1444
1381 1451
1381 1452
1381 1453
1381 1454
1381 1455
1381 1456
1381 1457
1381 1458
1381 1476
1381 1477
1381 1478
1381 1559
1381 1560
1381 1561
1382 40
1382 322
1382 1237
1382 1300
1382 1314
1382 1371
1383 146
1383 322
1383 1384
1383 1385
1383 1386
1383 1387
1383 1388
1383 1389
1383 1390
1384 146
1384 322
1384 1385
1384 1386
1384 1387
1384 1388
1384 1389
1384 1390
1385 146
1385 322
1385 1386
1385 1387
1385 1388
1385 1389
1385 1390
1386 146
1386 322
1386 1387
1386 1388
1386 1389
1386 1390
1387 146
1387 322
1387 1388
1387 1389
1387 1390
1388 146
1388 322
1388 1389
1388 1390
1389 322
1389 1390
1391 107
1391 261
1391 350
1391 1324
1391 1345
1391 1392
1391 1393
1391 1394
1391 1395
1391 1396
1391 1397
1391 1454
1391 1466
1391 1555
1391 1556
1391 1557
1391 1558
1392 107
1392 350
1392 1324
1392 1393
1392 1394
1392 1395
1392 1396
1392 1397
1393 107
1393 350
1393 1324
1393 1394
1393 1395
1393 1396
1393 1397
1394 107
1394 350
1394 1324
1394 1395
1394 1396
1394 1397
1395 91
1395 350
1395 890
1395 1374
1395 1396
1395 1397
1396 1397
1398 1300
1398 1314
1398 1371
1398 1372
1398 1374
1398 1375
1398 1399
1399 1300
1399 1324
1399 1371
1400 1564
1400 1565
1401 1402
1401 1403
1401 1404
1402 133
1402 1403
1402 1404
1402 1421
1402 1422
1403 1404
1405 1404
1405 1406
1405 1407
1406 1404
1406 1407
1407 1404
1408 3
1408 690
1409 282
1409 1003
1409 1410
1409 1411
1409 1412
1410 282
1410 1003
1410 1411
1410 1412
1411 282
1411 1003
1411 1412
1412 282
1413 290
1413 744
1413 1414
1413 1415
1413 1416
1413 1417
1413 1418
1413 1419
1414 290
1414 744
1414 1415
1414 1416
1414 1417
1414 1418
1414 1419
1415 290
1415 744
1415 1416
1415 1417
1415 1418
1415 1419
1416 744
1416 1417
1416 1418
1416 1419
1417 744
1417 1418
1417 1419
1418 1419
1420 133
1420 1402
1420 1421
1420 1422
1421 133
1421 1422
1423 1305
1423 1424
1423 1425
1423 1426
1423 1427
1423 1428
1423 1429
1423 1430
1424 1305
1424 1425
1424 1426
1424 1427
1424 1428
1424 1429
1424 1430
1424 1859
1425 245
1425 1305
1425 1369
1425 1381
1425 1426
1425 1427
1425 1428
1425 1429
1425 1430
1425 1440
1425 1441
1425 1537
1426 1305
1426 1427
1426 1428
1426 1429
1426 1430
1427 1428
1427 1429
1427 1430
1428 1429
1428 1430
1429 1430
1431 1305
1431 1432
1431 1433
1431 1434
1431 1435
1431 1436
1431 1437
1431 1438
1431 1439
1432 1305
1432 1433
1432 1434
1432 1435
1432 1436
1432 1437
1432 1438
1432 1439
1433 1434
1433 1435
1433 1436
1433 1437
1433 1438
1433 1439
1434 1435
1434 1436
1434 1437
1434 1438
1434 1439
1435 1436
1435 1437
1435 1438
1435 1439
1436 1437
1436 1438
1436 1439
1437 1438
1437 1439
1438 1439
1440 1441
1442 91
1442 558
1442 890
1442 1026
1442 1374
1442 1381
1442 1395
1442 1443
1442 1444
1443 91
1443 890
1443 1026
1443 1374
1443 1395
1443 1444
1444 91
1444 890
1444 1026
1444 1374
1444 1395
1445 10
1445 107
1445 898
1445 1202
1445 1446
1445 1447
1445 1448
1445 1449
1445 1450
1446 10
1446 107
1446 898
1446 1202
1446 1447
1446 1448
1446 1449
1446 1450
1447 10
1447 107
1447 898
1447 1202
1447 1448
1447 1449
1447 1450
1447 1464
1447 1465
1447 1466
1448 10
1448 107
1448 898
1448 1202
1448 1449
1448 1450
1449 10
1449 898
1449 1450
1450 10
1450 898
1451 107
1451 1447
1451 1452
1451 1453
1451 1454
1451 1455
1451 1456
1451 1457
1451 1458
1451 1461
1451 1462
1451 1463
1451 1464
1451 1465
1451 1466
1452 107
1452 1453
1452 1454
1452 1455
1452 1456
1452 1457
1452 1458
1453 107
1453 1454
1453 1455
1453 1456
1453 1457
1453 1458
1454 107
1454 261
1454 1455
1454 1456
1454 1457
1454 1458
1454 1466
1454 1557
1454 1558
1455 107
1455 1456
1455 1457
1455 1458
1456 107
1456 1457
1456 1458
1457 322
1457 1324
1457 1399
1457 1458
1459 1447
1459 1451
1459 1460
1459 1461
1459 1462
1459 1463
1459 1464
1459 1465
1459 1466
1460 1447
1460 1451
1460 1461
1460 1462
1460 1463
1460 1464
1460 1465
1460 1466
1461 1447
1461 1462
1461 1463
1461 1464
1461 1465
1461 1466
1462 1447
1462 1463
1462 1464
1462 1465
1462 1466
1463 1447
1463 1464
1463 1465
1463 1466
1464 1465
1464 1466
1465 1466
1466 107
1466 1558
1467 1301
1467 1305
1467 1468
1467 1469
1467 1470
1467 1471
1467 1472
1467 1473
1468 1301
1468 1305
1468 1469
1468 1470
1468 1471
1468 1472
1468 1473
1469 1301
1469 1305
1469 1470
1469 1471
1469 1472
1469 1473
1470 1471
1470 1472
1470 1473
1471 1472
1471 1473
1472 1473
1474 1005
1474 1328
1474 1381
1474 1475
1474 1476
1474 1477
1474 1478
1475 1005
1475 1381
1475 1476
1475 1477
1475 1478
1476 1005
1476 1477
1476 1478
1477 1005
1477 1478
1478 1005
1479 6
1479 795
1479 1480
1479 1481
1479 1482
1479 1483
1479 1484
1480 6
1480 1481
1480 1482
1480 1483
1480 1484
1481 6
1481 1482
1481 1483
1481 1484
1482 6
1482 45
1482 295
1482 1483
1482 1484
1482 1485
1482 1486
1482 1487
1482 1488
1483 1106
1483 1484
1485 45
1485 295
1485 1486
1485 1487
1485 1488
1486 45
1486 295
1486 1487
1486 1488
1487 45
1487 295
1487 1488
1488 295
1489 198
1489 862
1489 1490
1489 1491
1489 1492
1489 1493
1489 1494
1489 1495
1490 10
1490 33
1490 163
1490 198
1490 403
1490 814
1490 862
1490 1491
1490 1492
1490 1493
1490 1494
1490 1495
1490 1574
1490 1575
1490 1576
1491 198
1491 862
1491 1492
1491 1493
1491 1494
1491 1495
1492 1493
1492 1494
1492 1495
1493 1494
1493 1495
1494 1495
1496 129
1496 1233
1496 1497
1496 1498
1496 1499
1497 129
1497 1233
1497 1498
1497 1499
1498 1499
1500 6
1500 120
1500 991
1500 1501
1500 1502
1501 6
1501 120
1501 1502
1503 14
1503 45
1503 1106
1503 1270
1503 1483
1503 1504
1503 1505
1503 1506
1504 14
1504 45
1504 1106
1504 1270
1504 1483
1504 1505
1504 1506
1505 14
1505 45
1505 163
1505 745
1505 1106
1505 1270
1505 1483
1505 1506
1505 1704
1506 45
1506 1106
1506 1270
1506 1483
1507 48
1507 120
1507 146
1507 292
1507 445
1507 1003
1507 1508
1507 1509
1508 48
1508 120
1508 146
1508 292
1508 445
1508 1003
1508 1509
1509 146
1509 445
1510 26
1510 129
1510 280
1510 591
1510 1511
1511 26
1511 129
1511 280
1511 591
1512 6
1512 142
1512 320
1512 1100
1512 1513
1513 142
1513 1100
1514 1515
1514 1516
1515 1516
1517 101
1517 105
1517 163
1517 718
1517 966
1517 1269
1517 1300
1517 1518
1517 1519
1518 101
1518 105
1518 163
1518 718
1518 966
1518 1300
1518 1519
1519 101
1519 105
1519 163
1519 718
1519 966
1519 1300
1520 142
1520 197
1521 91
1521 1305
1521 1522
1521 1523
1521 1524
1521 1525
1521 1526
1521 1527
1521 1528
1522 91
1522 1523
1522 1524
1522 1525
1522 1526
1522 1527
1522 1528
1523 91
1523 1524
1523 1525
1523 1526
1523 1527
1523 1528
1524 91
1524 1525
1524 1526
1524 1527
1524 1528
1525 91
1525 1526
1525 1527
1525 1528
1526 1527
1526 1528
1527 1528
1529 1329
1529 1341
1529 1360
1529 1530
1529 1531
1529 1532
1530 1329
1530 1341
1530 1360
1530 1531
1530 1532
1531 1341
1531 1360
1531 1532
1532 1550
1532 1551
1532 1552
1532 1553
1532 1554
1533 245
1533 1309
1533 1369
1533 1381
1533 1425
1533 1534
1533 1535
1533 1536
1533 1537
1534 245
1534 1309
1534 1369
1534 1381
1534 1425
1534 1535
1534 1536
1534 1537
1535 245
1535 1309
1535 1369
1535 1381
1535 1425
1535 1536
1535 1537
1536 245
1536 1369
1536 1381
1536 1425
1536 1537
1537 245
1537 1369
1537 1381
1538 1539
1538 1540
1538 1541
1538 1542
1538 1543
1538 1544
1538 1545
1538 1546
1539 1540
1539 1541
1539 1542
1539 1543
1539 1544
1539 1545
1539 1546
1540 1541
1540 1542
1540 1543
1540 1544
1540 1545
1540 1546
1541 1542
1541 1543
1541 1544
1541 1545
1541 1546
1542 1543
1542 1544
1542 1545
1542 1546
1543 1544
1543 1545
1543 1546
1544 1545
1544 1546
1545 1546
1547 1532
1547 1548
1547 1549
1547 1550
1547 1551
1547 1552
1547 1553
1547 1554
1548 1532
1548 1549
1548 1550
1548 1551
1548 1552
1548 1553
1548 1554
1549 1532
1549 1550
1549 1551
1549 1552
1549 1553
1549 1554
1550 1551
1550 1552
1550 1553
1550 1554
1551 1552
1551 1553
1551 1554
1552 1553
1552 1554
1553 1554
1555 107
1555 261
1555 1345
1555 1454
1555 1466
1555 1556
1555 1557
1555 1558
1556 107
1556 261
1556 1345
1556 1454
1556 1466
1556 1557
1556 1558
1557 107
1557 1466
1557 1558
1559 107
1559 322
1559 1324
1559 1399
1559 1457
1559 1560
1559 1561
1560 107
1560 322
1560 1324
1560 1399
1560 1457
1560 1561
1561 107
1561 322
1561 1324
1561 1399
1561 1457
1562 1400
1562 1563
1562 1564
1562 1565
1563 1400
1563 1564
1563 1565
1564 1565
1566 235
1566 645
1566 858
1566 1567
1568 45
1568 70
1568 235
1568 1252
1568 1569
1568 1570
1568 1571
1568 1572
1568 1573
1569 45
1569 235
1569 1252
1569 1570
1569 1571
1569 1572
1569 1573
1570 45
1570 235
1570 1252
1570 1571
1570 1572
1570 1573
1571 1572
1571 1573
1572 1573
1574 10
1574 163
1574 403
1574 814
1574 1575
1574 1576
1575 10
1575 163
1575 403
1575 814
1575 1576
1576 10
1576 163
1576 403
1577 42
1577 91
1577 734
1577 938
1577 1578
1577 1579
1577 1580
1578 91
1578 734
1578 938
1578 1579
1578 1580
1579 938
1579 1580
1581 253
1581 363
1581 1582
1581 1583
1581 1584
1581 1585
1581 1586
1581 1587
1582 363
1582 1583
1582 1584
1582 1585
1582 1586
1582 1587
1583 1584
1583 1585
1583 1586
1583 1587
1584 1585
1584 1586
1584 1587
1585 1586
1585 1587
1586 1587
1587 957
1587 1736
1588 97
1588 129
1588 210
1588 1589
1588 1590
1588 1591
1589 97
1589 129
1589 210
1589 1590
1589 1591
1590 97
1590 1591
1592 70
1592 765
1592 1335
1592 1593
1592 1594
1592 1595
1592 1596
1592 1597
1592 1598
1593 70
1593 765
1593 1335
1593 1594
1593 1595
1593 1596
1593 1597
1593 1598
1594 70
1594 765
1594 1335
1594 1595
1594 1596
1594 1597
1594 1598
1595 765
1595 1335
1595 1596
1595 1597
1595 1598
1596 765
1596 1597
1596 1598
1597 765
1597 1598
1599 56
1599 163
1599 414
1599 1088
1599 1600
1599 1601
1599 1602
1599 1603
1599 1604
1600 56
1600 163
1600 197
1600 212
1600 350
1600 414
1600 754
1600 1088
1600 1520
1600 1601
1600 1602
1600 1603
1600 1604
1601 56
1601 163
1601 414
1601 1602
1601 1603
1601 1604
1602 56
1602 163
1602 414
1602 1603
1602 1604
1603 56
1603 163
1603 414
1603 1604
1604 163
1604 414
1605 6
1605 36
1605 70
1605 1264
1606 853
1606 1607
1606 1608
1606 1609
1606 1610
1607 853
1607 1608
1607 1609
1607 1610
1608 853
1608 1609
1608 1610
1609 853
1609 1610
1611 1612
1611 1613
1611 1614
1611 1615
1611 1616
1611 1617
1611 1618
1612 1613
1612 1614
1612 1615
1612 1616
1612 1617
1612 1618
1613 1614
1613 1615
1613 1616
1613 1617
1613 1618
1614 1615
1614 1616
1614 1617
1614 1618
1615 1616
1615 1617
1615 1618
1616 1617
1616 1618
1617 1618
1619 49
1619 133
1619 189
1619 1620
1619 1621
1619 1622
1619 1623
1619 1624
1619 1625
1619 1626
1619 1627
1619 1632
1619 1633
1620 133
1620 1621
1620 1622
1620 1623
1620 1624
1620 1625
1620 1626
1620 1627
1621 133
1621 1622
1621 1623
1621 1624
1621 1625
1621 1626
1621 1627
1622 133
1622 1623
1622 1624
1622 1625
1622 1626
1622 1627
1623 133
1623 1624
1623 1625
1623 1626
1623 1627
1624 1625
1624 1626
1624 1627
1625 1626
1625 1627
1626 1627
1628 49
1628 181
1628 189
1628 1619
1628 1629
1628 1630
1628 1631
1628 1632
1628 1633
1629 49
1629 181
1629 189
1629 1619
1629 1630
1629 1631
1629 1632
1629 1633
1630 49
1630 70
1630 106
1630 133
1630 181
1630 189
1630 972
1630 1003
1630 1279
1630 1619
1630 1631
1630 1632
1630 1633
1630 1647
1630 1648
1630 1649
1631 49
1631 189
1631 1619
1631 1632
1631 1633
1632 49
1632 189
1632 1633
1633 49
1633 88
1633 189
1633 1637
1633 1638
1633 1639
1634 88
1634 395
1634 723
1634 1633
1634 1635
1634 1636
1634 1637
1634 1638
1634 1639
1635 88
1635 1633
1635 1636
1635 1637
1635 1638
1635 1639
1636 88
1636 1633
1636 1637
1636 1638
1636 1639
1637 88
1637 1638
1637 1639
1638 88
1638 1639
1640 445
1640 1641
1640 1642
1640 1643
1640 1644
1640 1645
1640 1646
1641 445
1641 1642
1641 1643
1641 1644
1641 1645
1641 1646
1642 445
1642 1643
1642 1644
1642 1645
1642 1646
1643 445
1643 1644
1643 1645
1643 1646
1644 445
1644 1645
1644 1646
1645 445
1645 1646
1647 106
1647 972
1647 1003
1647 1648
1647 1649
1648 1649
1650 8
1650 10
1650 1368
1650 1651
1650 1652
1650 1653
1650 1654
1650 1655
1650 1656
1651 8
1651 10
1651 1368
1651 1652
1651 1653
1651 1654
1651 1655
1651 1656
1652 8
1652 10
1652 1368
1652 1653
1652 1654
1652 1655
1652 1656
1653 8
1653 1654
1653 1655
1653 1656
1654 1655
1654 1656
1655 1656
1657 56
1657 103
1657 207
1657 219
1657 225
1657 1658
1657 1659
1657 1660
1657 1661
1658 56
1658 103
1658 207
1658 219
1658 1659
1658 1660
1658 1661
1659 6
1659 10
1659 36
1659 56
1659 91
1659 103
1659 105
1659 207
1659 219
1659 276
1659 359
1659 415
1659 758
1659 1520
1659 1600
1659 1660
1659 1661
1659 1663
1659 1664
1659 1665
1659 1679
1659 1680
1660 56
1660 103
1660 207
1660 219
1660 1661
1661 1
1661 6
1661 36
1661 41
1661 56
1661 103
1661 197
1661 212
1661 350
1661 625
1661 718
1661 754
1661 1520
1661 1600
1661 1776
1661 1777
1662 276
1662 359
1662 1600
1662 1659
1662 1663
1662 1664
1662 1665
1663 276
1663 359
1663 1600
1663 1664
1663 1665
1664 276
1664 1600
1664 1665
1665 276
1665 1600
1666 92
1666 129
1666 320
1666 456
1666 1667
1666 1668
1666 1669
1666 1670
1666 1671
1667 129
1667 320
1667 456
1667 1668
1667 1669
1667 1670
1667 1671
1668 129
1668 320
1668 456
1668 1669
1668 1670
1668 1671
1669 129
1669 320
1669 456
1669 1670
1669 1671
1670 320
1670 456
1670 1671
1672 10
1672 33
1672 116
1672 129
1672 207
1672 268
1672 403
1672 972
1672 1673
1673 10
1673 116
1673 207
1673 268
1673 403
1673 972
1674 264
1674 304
1674 898
1674 1675
1674 1676
1674 1677
1674 1678
1675 264
1675 304
1675 898
1675 1676
1675 1677
1675 1678
1676 264
1676 304
1676 898
1676 1677
1676 1678
1677 264
1677 304
1677 898
1677 1678
1678 264
1678 304
1678 898
1679 6
1679 10
1679 36
1679 56
1679 105
1679 276
1679 415
1679 1680
1680 10
1680 36
1680 105
1680 415
1681 84
1682 70
1682 93
1682 101
1682 116
1682 368
1682 1214
1682 1683
1682 1684
1682 1685
1683 70
1683 93
1683 101
1683 116
1683 368
1683 1214
1683 1684
1683 1685
1684 70
1684 93
1684 101
1684 368
1684 1214
1684 1685
1685 101
1685 368
1686 70
1686 261
1687 91
1687 591
1687 681
1687 745
1687 1054
1687 1056
1687 1087
1687 1688
1687 1689
1688 91
1688 591
1688 681
1688 745
1688 1054
1688 1087
1688 1689
1689 91
1689 591
1689 681
1689 745
1689 1054
1689 1087
1690 6
1690 251
1690 552
1690 898
1690 1130
1690 1691
1690 1692
1690 1693
1690 1694
1691 6
1691 251
1691 552
1691 898
1691 1130
1691 1692
1691 1693
1691 1694
1692 6
1692 251
1692 552
1692 898
1692 1130
1692 1693
1692 1694
1693 6
1693 251
1693 552
1693 898
1693 1130
1693 1694
1694 6
1695 105
1695 151
1696 34
1696 320
1696 1043
1696 1697
1696 1698
1696 1699
1696 1700
1696 1701
1697 34
1697 320
1697 1043
1697 1698
1697 1699
1697 1700
1697 1701
1698 320
1698 1043
1698 1699
1698 1700
1698 1701
1699 320
1699 1043
1699 1700
1699 1701
1700 1701
1702 70
1702 163
1702 745
1702 1118
1702 1125
1702 1505
1702 1703
1702 1704
1703 163
1703 745
1703 1505
1703 1704
1705 33
1705 757
1705 1068
1705 1217
1705 1706
1705 1707
1705 1708
1705 1709
1705 1710
1705 1763
1705 1801
1705 1811
1705 1812
1705 1813
1706 1068
1706 1707
1706 1708
1706 1709
1706 1710
1707 1708
1707 1709
1707 1710
1708 1709
1708 1710
1709 1710
1711 105
1711 288
1711 821
1711 1267
1711 1712
1711 1713
1711 1714
1712 105
1712 288
1712 821
1712 1267
1712 1713
1712 1714
1713 288
1713 1267
1713 1714
1715 744
1715 1053
1715 1119
1715 1603
1715 1716
1715 1717
1715 1718
1715 1719
1715 1720
1716 744
1716 1053
1716 1119
1716 1603
1716 1717
1716 1718
1716 1719
1716 1720
1717 744
1717 1053
1717 1119
1717 1603
1717 1718
1717 1719
1717 1720
1718 1053
1718 1603
1718 1719
1718 1720
1719 1053
1719 1603
1719 1720
1720 1603
1721 45
1721 322
1721 1106
1721 1722
1721 1723
1721 1724
1721 1725
1722 45
1722 322
1722 1106
1722 1723
1722 1724
1722 1725
1723 45
1723 322
1723 1106
1723 1724
1723 1725
1724 45
1724 1106
1724 1725
1725 6
1725 45
1725 1106
1725 1730
1726 6
1726 116
1726 1224
1726 1725
1726 1727
1726 1728
1726 1729
1726 1730
1727 6
1727 116
1727 1224
1727 1725
1727 1728
1727 1729
1727 1730
1728 6
1728 1224
1728 1725
1728 1729
1728 1730
1729 6
1729 1224
1729 1725
1729 1730
1731 93
1731 957
1731 1587
1731 1732
1731 1733
1731 1734
1731 1735
1731 1736
1732 957
1732 1587
1732 1733
1732 1734
1732 1735
1732 1736
1733 957
1733 1587
1733 1734
1733 1735
1733 1736
1734 957
1734 1587
1734 1735
1734 1736
1735 957
1735 1587
1735 1736
1736 957
1737 142
1737 1738
1737 1739
1738 142
1738 1739
1739 142
1740 1741
1742 0
1742 129
1742 170
1742 1217
1742 1743
1742 1744
1742 1745
1742 1746
1742 1747
1743 0
1743 10
1743 26
1743 41
1743 91
1743 105
1743 129
1743 163
1743 170
1743 268
1743 414
1743 745
1743 1217
1743 1744
1743 1745
1743 1746
1743 1747
1743 1753
1743 1767
1743 1768
1743 1769
1743 1775
1743 1795
1743 1796
1743 1797
1743 1798
1743 1807
1743 1808
1743 1809
1744 0
1744 6
1744 129
1744 163
1744 170
1744 414
1744 591
1744 745
1744 1217
1744 1745
1744 1746
1744 1747
1744 1784
1744 1795
1744 1796
1744 1797
1744 1798
1744 1814
1745 0
1745 170
1745 1217
1745 1746
1745 1747
1746 170
1746 1217
1746 1747
1747 1217
1748 79
1748 1749
1748 1750
1748 1751
1748 1752
1748 1753
1748 1754
1748 1755
1748 1756
1749 79
1749 1750
1749 1751
1749 1752
1749 1753
1749 1754
1749 1755
1749 1756
1750 79
1750 1751
1750 1752
1750 1753
1750 1754
1750 1755
1750 1756
1751 79
1751 1752
1751 1753
1751 1754
1751 1755
1751 1756
1752 79
1752 1753
1752 1754
1752 1755
1752 1756
1753 79
1753 91
1753 105
1753 268
1753 1754
1753 1755
1753 1756
1753 1768
1753 1769
1754 79
1754 1755
1754 1756
1755 79
1755 1756
1756 79
1757 10
1757 625
1757 1758
1757 1759
1757 1760
1757 1761
1757 1762
1758 0
1758 10
1758 105
1758 591
1758 625
1758 754
1758 1759
1758 1760
1758 1761
1758 1762
1758 1764
1758 1765
1758 1766
1759 10
1759 1760
1759 1761
1759 1762
1760 1761
1760 1762
1761 1762
1763 0
1763 105
1763 591
1763 754
1763 757
1763 1217
1763 1758
1763 1764
1763 1765
1763 1766
1763 1801
1763 1812
1763 1813
1764 0
1764 105
1764 591
1764 754
1764 1765
1764 1766
1765 591
1765 754
1765 1766
1767 26
1767 91
1767 105
1767 268
1767 1753
1767 1768
1767 1769
1768 91
1768 105
1768 268
1768 1769
1769 105
1769 268
1770 70
1770 1743
1770 1771
1770 1772
1770 1773
1770 1774
1770 1775
1771 0
1771 70
1771 101
1771 163
1771 170
1771 625
1771 781
1771 817
1771 852
1771 1743
1771 1772
1771 1773
1771 1774
1771 1775
1771 1790
1771 1791
1771 1829
1771 1830
1771 1831
1771 1832
1772 1743
1772 1773
1772 1774
1772 1775
1773 1743
1773 1774
1773 1775
1774 1743
1774 1775
1776 1
1776 6
1776 36
1776 41
1776 625
1776 718
1776 1777
1777 1
1777 6
1777 36
1777 41
1777 625
1777 718
1778 82
1778 208
1778 754
1778 781
1778 817
1778 833
1778 1779
1778 1780
1778 1781
1779 82
1779 208
1779 754
1779 781
1779 833
1779 1780
1779 1781
1780 754
1780 833
1780 1781
1782 0
1782 6
1782 10
1782 77
1782 625
1782 1783
1782 1784
1782 1785
1783 0
1783 6
1783 10
1783 625
1783 1784
1783 1785
1784 0
1784 6
1784 10
1784 591
1784 625
1784 1785
1784 1793
1784 1800
1784 1814
1784 1816
1785 0
1785 6
1785 10
1785 625
1786 77
1786 129
1786 448
1786 450
1786 1787
1786 1788
1786 1789
1787 448
1787 450
1787 1788
1787 1789
1788 448
1788 450
1788 1789
1790 163
1790 170
1790 625
1790 852
1790 1791
1791 163
1791 170
1791 625
1791 852
1792 0
1792 6
1792 41
1792 98
1792 842
1792 1793
1792 1802
1793 0
1793 41
1793 75
1793 98
1793 591
1793 842
1793 1802
1793 1816
1793 1825
1794 163
1794 414
1794 745
1794 1743
1794 1744
1794 1795
1794 1796
1794 1797
1794 1798
1795 163
1795 591
1795 745
1795 1796
1795 1797
1795 1798
1795 1801
1796 745
1796 1797
1796 1798
1797 745
1797 1798
1799 6
1799 591
1799 795
1799 817
1799 1784
1799 1793
1799 1800
1799 1802
1799 1815
1799 1816
1799 1825
1800 268
1800 414
1800 591
1800 1793
1800 1795
1800 1801
1800 1816
1801 591
1801 1217
1802 41
1802 1825
1803 75
1804 6
1804 41
1804 75
1804 591
1804 1793
1805 10
1805 41
1805 1743
1805 1806
1805 1807
1805 1808
1805 1809
1806 10
1806 41
1806 1743
1806 1807
1806 1808
1806 1809
1807 10
1807 41
1807 1808
1807 1809
1808 10
1808 41
1808 1809
1809 10
1809 41
1810 41
1810 741
1810 765
1810 1792
1810 1793
1810 1802
1811 757
1811 1217
1811 1763
1811 1801
1811 1812
1811 1813
1812 1217
1812 1801
1812 1813
1813 1217
1813 1801
1814 6
1814 591
1815 6
1815 591
1815 1784
1815 1793
1815 1800
1815 1816
1817 41
1817 1818
1817 1819
1817 1820
1817 1821
1817 1822
1817 1823
1817 1824
1818 41
1818 1819
1818 1820
1818 1821
1818 1822
1818 1823
1818 1824
1819 41
1819 1820
1819 1821
1819 1822
1819 1823
1819 1824
1820 1821
1820 1822
1820 1823
1820 1824
1821 1822
1821 1823
1821 1824
1821 1850
1822 1823
1822 1824
1823 1824
1826 93
1826 116
1826 133
1826 191
1826 966
1826 1827
1827 93
1827 133
1827 191
1827 966
1828 0
1828 101
1828 781
1828 987
1828 1771
1828 1829
1828 1830
1828 1831
1828 1832
1829 0
1829 101
1829 781
1829 1830
1829 1831
1829 1832
1830 0
1830 101
1830 781
1830 1831
1830 1832
1831 0
1831 101
1831 781
1831 1832
1832 0
1832 101
1832 781
1833 75
1833 101
1833 1834
1833 1835
1834 75
1834 101
1834 1835
1835 75
1836 1494
1836 1837
1836 1838
1836 1839
1836 1840
1836 1841
1836 1842
1836 1843
1836 1844
1837 1494
1837 1838
1837 1839
1837 1840
1837 1841
1837 1842
1837 1843
1837 1844
1838 1494
1838 1839
1838 1840
1838 1841
1838 1842
1838 1843
1838 1844
1839 1494
1839 1840
1839 1841
1839 1842
1839 1843
1839 1844
1840 1494
1840 1841
1840 1842
1840 1843
1840 1844
1841 1494
1841 1842
1841 1843
1841 1844
1842 1494
1842 1843
1842 1844
1843 1494
1843 1844
1844 1494
1845 1821
1845 1846
1845 1847
1845 1848
1845 1849
1845 1850
1846 1821
1846 1847
1846 1848
1846 1849
1846 1850
1847 1821
1847 1848
1847 1849
1847 1850
1848 1821
1848 1849
1848 1850
1849 1821
1849 1850
1851 70
1851 91
1851 269
1851 403
1851 765
1851 1003
1851 1852
1851 1853
1851 1854
1851 1855
1852 91
1852 403
1852 1003
1853 269
1853 403
1853 1854
1853 1855
1854 269
1854 1855
1855 269
1856 75
1856 1857
1856 1858
1857 75
1857 1858
1858 75
