0 1036
0 1037
0 1038
0 1039
0 1040
0 1041
0 1042
0 1043
0 1044
0 1045
0 1046
0 1047
0 1048
0 1049
0 1050
0 1051
0 1052
0 1053
0 1054
0 1055
0 1056
0 1057
0 1058
0 1059
0 1060
0 1061
0 1062
0 1063
0 1064
0 1065
0 1066
0 1067
0 1068
0 1069
0 1070
0 1071
0 1072
0 1073
0 1074
0 1075
0 1076
0 1077
0 1078
0 1079
0 1080
0 1081
0 1082
0 1083
0 1084
0 1085
0 1086
0 1087
0 1088
0 1089
0 1090
0 1091
0 1092
0 1093
0 1094
0 1095
0 1096
0 1097
0 1098
0 1099
0 1100
0 1101
0 1102
0 1103
0 1104
0 1105
0 1106
0 1107
0 1108
0 1109
0 1110
0 1111
0 1112
0 1113
0 1114
0 1115
0 1116
0 1117
0 1118
0 1119
0 1120
0 1121
0 1122
0 1123
0 1124
0 1125
0 1126
0 1127
0 1128
0 1129
0 1130
0 1131
0 1132
0 1133
0 1134
0 1135
0 1136
0 1137
0 1138
0 1139
0 1140
0 1141
0 1142
0 1143
0 1144
0 1145
0 1146
0 1147
0 1148
0 1149
0 1150
0 1151
0 1152
0 1153
0 1154
0 1155
0 1156
0 1157
0 1158
0 1159
0 1160
0 1161
0 1162
0 1163
0 1164
0 1165
0 1166
0 1167
0 1168
0 1169
0 1170
0 1171
0 1172
0 1173
0 1174
0 1175
0 1176
0 1177
0 1178
0 1179
0 1180
0 1181
0 1182
0 1183
0 1184
0 1185
0 1186
0 1187
0 1188
0 1189
0 1190
0 1191
0 1192
0 1193
0 1194
0 1195
0 1196
0 1197
0 1198
0 1199
0 1200
0 1201
0 1202
0 1203
0 1204
0 1205
0 1206
0 1207
0 1208
0 1209
0 1210
0 1211
0 1212
0 1213
0 1214
0 1215
0 1216
0 1217
0 1218
0 1219
0 1220
0 1221
0 1222
0 1223
0 1224
0 1225
0 1226
0 1227
0 1228
0 1229
0 1230
0 1231
0 1232
0 1233
0 1234
0 1235
0 1236
0 1237
0 1238
0 1239
0 1240
0 1241
0 1242
0 1243
0 1244
1 0
1 1047
1 1055
1 1102
1 1196
2 0
2 1209
3 0
3 1058
4 0
4 645
4 1044
4 1047
4 1055
4 1056
4 1062
4 1138
4 1140
4 1196
4 1216
4 1228
5 0
5 358
5 361
5 586
5 591
5 677
5 889
5 1053
5 1056
5 1057
5 1058
5 1081
5 1108
5 1133
5 1154
5 1167
5 1169
5 1196
5 1197
5 1240
6 0
6 480
6 774
6 1038
6 1054
6 1056
6 1095
6 1127
6 1196
7 0
7 406
7 841
7 1055
7 1058
7 1081
7 1127
7 1196
7 1240
8 0
8 1036
8 1044
8 1047
8 1055
8 1056
8 1058
8 1063
8 1115
8 1162
8 1196
8 1212
9 0
9 364
9 444
9 655
9 1016
9 1047
9 1056
9 1058
9 1081
9 1105
9 1146
9 1196
9 1212
10 0
10 1058
10 1161
11 0
11 1047
11 1055
11 1058
11 1060
11 1082
11 1084
11 1092
11 1095
11 1166
11 1209
11 1215
11 1218
11 1237
11 1240
12 0
12 480
12 1003
12 1095
12 1113
12 1154
12 1196
12 1209
12 1212
12 1221
13 0
13 1127
14 0
14 1055
14 1056
14 1058
14 1072
14 1083
14 1092
14 1111
14 1156
14 1161
14 1166
14 1196
14 1218
14 1221
14 1228
14 1230
14 1237
14 1238
14 1240
15 0
16 0
16 1058
16 1095
16 1127
17 0
17 1055
17 1175
18 0
18 646
18 1039
18 1056
18 1058
18 1127
19 0
19 203
19 1110
19 1196
19 1209
19 1212
20 0
20 1055
20 1116
21 0
21 1196
22 0
22 1051
22 1079
22 1095
22 1128
22 1159
22 1209
23 0
23 420
23 1058
23 1092
23 1161
23 1218
24 0
24 339
24 1038
24 1092
24 1127
24 1182
24 1196
25 0
25 640
25 1039
26 0
26 667
26 845
26 1042
26 1044
26 1055
26 1058
26 1081
26 1095
26 1156
26 1161
26 1196
27 0
28 0
28 1056
28 1106
28 1116
28 1126
28 1133
29 0
29 1047
29 1055
29 1101
29 1196
29 1212
30 0
30 4
30 89
30 103
30 352
30 371
30 406
30 426
30 513
30 655
30 714
30 1007
30 1047
30 1055
30 1082
30 1140
30 1156
30 1161
30 1196
30 1205
30 1216
30 1238
30 1240
31 0
31 480
31 493
31 603
31 1196
31 1201
32 0
32 371
32 619
32 788
32 880
32 1044
32 1055
32 1090
32 1092
32 1152
32 1156
32 1161
32 1175
32 1196
32 1222
32 1240
33 0
33 22
33 373
33 1212
34 0
34 1055
34 1058
34 1196
35 0
35 29
35 425
35 610
35 826
35 1058
35 1082
35 1147
35 1161
36 0
36 1055
36 1081
36 1161
36 1196
37 0
37 11
37 56
37 379
37 409
37 863
37 1038
37 1044
37 1047
37 1050
37 1055
37 1058
37 1060
37 1068
37 1074
37 1082
37 1102
37 1105
37 1128
37 1140
37 1152
37 1161
37 1166
37 1168
37 1171
37 1175
37 1196
37 1204
37 1209
37 1213
37 1220
37 1240
38 0
38 1055
38 1058
39 0
39 1037
39 1055
39 1175
39 1183
40 0
40 197
40 371
40 664
40 1042
40 1047
40 1055
40 1058
40 1078
40 1114
40 1156
40 1168
40 1180
40 1215
40 1236
40 1237
41 0
41 453
41 479
41 1051
41 1228
42 0
42 887
42 1064
42 1212
43 0
43 232
43 736
43 1058
43 1060
43 1207
44 0
44 68
44 197
44 246
44 457
44 1038
44 1047
44 1055
44 1058
44 1078
44 1079
44 1081
44 1082
44 1095
44 1096
44 1101
44 1128
44 1142
44 1156
44 1168
44 1186
44 1205
44 1209
44 1231
44 1235
44 1237
44 1238
44 1240
45 0
45 403
45 715
45 1042
45 1055
45 1229
46 0
46 1212
47 0
47 1056
48 0
48 623
48 1038
48 1056
48 1133
48 1185
48 1196
49 0
49 371
49 615
49 697
49 739
49 1044
49 1047
49 1053
49 1055
49 1058
49 1081
49 1123
49 1196
49 1228
50 0
50 1037
50 1038
50 1044
50 1047
50 1055
50 1056
50 1058
50 1059
50 1070
50 1092
50 1095
50 1138
50 1146
50 1156
50 1177
50 1183
50 1195
50 1196
50 1209
50 1218
50 1221
50 1238
50 1240
51 0
51 633
51 1058
51 1062
51 1095
51 1116
51 1196
51 1209
52 0
52 1055
52 1056
52 1111
52 1221
53 0
53 1218
54 0
54 1095
55 0
55 36
55 203
55 254
55 502
55 1047
55 1055
55 1095
55 1166
55 1209
55 1218
56 0
56 889
56 1045
56 1048
56 1055
56 1056
56 1081
56 1084
56 1092
56 1109
56 1114
56 1116
56 1130
56 1140
56 1146
56 1156
56 1161
56 1171
56 1175
56 1180
56 1182
56 1196
56 1218
56 1238
56 1240
57 0
57 146
57 174
57 253
57 357
57 661
57 718
57 799
57 915
57 920
57 940
57 1030
57 1055
57 1058
57 1095
57 1154
57 1156
57 1212
58 0
58 408
58 480
58 515
58 829
58 1003
58 1201
58 1221
59 0
59 774
59 1050
59 1058
59 1081
59 1092
59 1113
59 1146
59 1196
59 1212
60 0
61 0
61 658
61 1030
61 1047
61 1058
62 0
62 197
62 633
62 841
62 1140
63 0
63 1065
63 1066
63 1114
63 1153
63 1209
63 1212
63 1240
64 0
65 0
66 0
66 480
66 1057
66 1221
67 0
67 955
67 1047
67 1055
67 1058
67 1081
67 1092
67 1127
67 1161
67 1175
67 1182
67 1186
67 1196
67 1212
68 0
68 1037
68 1044
68 1047
68 1055
68 1056
68 1058
68 1070
68 1083
68 1105
68 1111
68 1114
68 1140
68 1177
68 1183
68 1196
68 1209
68 1221
69 0
69 1231
70 0
70 325
70 480
70 596
70 1047
70 1055
70 1081
70 1092
70 1146
70 1161
70 1196
71 0
71 1038
71 1055
71 1056
71 1161
71 1169
71 1209
72 0
73 0
74 0
74 174
74 200
74 203
74 253
74 480
74 615
74 619
74 718
74 788
74 880
74 1054
74 1055
74 1092
74 1140
74 1152
74 1196
74 1199
74 1209
74 1242
75 0
75 1047
75 1055
75 1151
76 0
76 1055
76 1116
76 1168
76 1175
76 1196
76 1236
77 0
77 98
77 480
77 493
77 667
77 715
77 732
77 768
77 1056
77 1058
77 1063
77 1092
77 1196
77 1212
78 0
79 0
79 1056
79 1057
79 1058
79 1061
79 1062
79 1063
79 1081
79 1109
79 1161
79 1196
80 0
81 0
81 380
81 1007
81 1062
81 1175
81 1196
81 1205
82 0
82 1055
82 1056
82 1161
82 1196
83 0
83 88
83 1033
83 1064
84 0
84 1056
84 1095
84 1110
84 1209
85 0
85 1039
85 1045
85 1055
85 1056
85 1058
85 1161
85 1175
85 1196
86 0
87 0
87 1024
87 1056
87 1212
88 0
88 1064
88 1114
88 1209
89 0
89 426
89 841
89 1042
89 1047
89 1055
89 1082
89 1140
89 1168
89 1196
89 1205
89 1209
89 1237
90 0
90 1044
90 1055
90 1116
90 1127
90 1196
90 1240
91 0
91 480
91 1044
91 1053
91 1055
91 1056
91 1062
91 1063
91 1066
91 1092
91 1097
91 1114
91 1116
91 1152
91 1166
91 1196
92 0
92 88
93 0
93 1038
93 1039
93 1047
93 1055
93 1056
93 1058
93 1064
93 1095
93 1167
93 1196
93 1212
94 0
94 1210
95 0
95 845
95 1055
95 1058
95 1110
95 1196
95 1240
96 0
97 0
97 68
97 169
97 406
97 693
97 767
97 768
97 863
97 886
97 976
97 1039
97 1044
97 1047
97 1055
97 1056
97 1057
97 1058
97 1065
97 1070
97 1108
97 1111
97 1114
97 1128
97 1141
97 1161
97 1162
97 1196
97 1240
98 0
98 68
98 169
98 715
98 768
98 886
98 1044
98 1055
98 1056
98 1058
98 1081
98 1083
98 1092
98 1105
98 1111
98 1161
98 1168
98 1196
98 1213
98 1214
98 1231
98 1240
99 0
99 329
99 622
99 1056
99 1057
99 1058
99 1154
99 1196
99 1212
100 0
100 1212
101 0
102 0
102 1047
102 1055
102 1056
102 1105
102 1128
102 1132
102 1196
103 0
103 172
103 371
103 714
103 745
103 841
103 1007
103 1047
103 1055
103 1058
103 1070
103 1132
103 1161
103 1196
103 1201
103 1205
103 1218
103 1232
103 1240
104 0
104 254
104 272
104 615
104 1110
104 1212
105 0
105 371
105 697
105 715
105 768
105 1042
105 1055
105 1078
105 1168
105 1180
105 1231
105 1236
105 1240
106 0
106 1055
106 1062
106 1140
106 1196
107 0
107 529
107 560
107 1047
107 1055
107 1083
107 1092
107 1095
107 1108
107 1127
107 1162
107 1192
107 1195
108 0
108 1056
108 1058
108 1062
108 1112
108 1133
108 1188
108 1196
108 1218
108 1231
109 0
109 1068
110 0
110 480
110 1057
110 1095
110 1140
110 1209
110 1212
110 1221
110 1231
111 0
111 1047
111 1058
111 1160
111 1167
112 0
112 1166
113 0
113 371
113 1047
113 1140
113 1143
113 1212
113 1218
113 1235
114 0
114 480
114 768
114 845
114 968
114 1039
114 1053
114 1056
114 1169
115 0
116 0
116 483
116 1156
116 1161
117 0
117 371
117 1055
117 1101
117 1166
118 0
118 1058
118 1076
118 1095
118 1178
118 1212
119 0
119 185
119 257
119 331
119 371
119 375
119 480
119 831
119 924
119 1047
119 1055
119 1064
119 1092
119 1096
119 1097
119 1102
119 1154
119 1161
119 1178
119 1196
119 1212
120 0
120 1055
120 1140
120 1161
120 1178
121 0
121 1088
121 1148
121 1243
122 0
122 1127
123 0
123 1047
123 1057
123 1058
123 1081
123 1196
123 1197
124 0
124 426
124 1047
124 1055
124 1132
124 1156
125 0
125 924
125 1055
125 1095
125 1161
126 0
126 260
126 435
126 841
126 1101
126 1140
126 1182
127 0
127 1037
127 1046
127 1055
127 1056
127 1092
127 1095
127 1114
127 1132
127 1146
127 1161
127 1196
127 1240
128 0
128 480
128 588
128 732
128 774
128 829
128 841
128 853
128 1038
128 1039
128 1044
128 1053
128 1055
128 1056
128 1083
128 1102
128 1108
128 1127
128 1133
128 1140
128 1161
128 1169
128 1196
129 0
129 105
129 371
129 380
129 406
129 465
129 480
129 493
129 539
129 543
129 697
129 700
129 715
129 739
129 768
129 777
129 814
129 821
129 889
129 904
129 1042
129 1044
129 1047
129 1055
129 1056
129 1057
129 1074
129 1078
129 1079
129 1101
129 1102
129 1105
129 1121
129 1127
129 1140
129 1161
129 1168
129 1180
129 1196
129 1205
129 1212
129 1217
129 1231
129 1236
130 0
131 0
131 1212
132 0
132 1055
132 1076
132 1212
133 0
133 1140
134 0
134 1209
135 0
135 11
135 886
135 1083
135 1134
136 0
136 494
136 1055
136 1132
136 1140
136 1162
137 0
137 150
137 267
137 474
137 880
137 921
137 1007
137 1038
137 1044
137 1047
137 1052
137 1055
137 1058
137 1059
137 1063
137 1072
137 1081
137 1089
137 1115
137 1125
137 1127
137 1129
137 1156
137 1161
137 1188
137 1196
137 1203
137 1218
137 1235
137 1240
138 0
138 1039
138 1044
138 1055
138 1072
138 1084
138 1092
138 1127
138 1146
138 1161
138 1196
138 1212
138 1221
138 1231
138 1233
139 0
139 1062
139 1095
139 1115
139 1238
140 0
141 0
141 1055
141 1057
141 1105
142 0
142 1047
142 1053
142 1055
142 1056
142 1059
142 1133
142 1160
142 1193
142 1212
143 0
143 1055
143 1056
143 1058
143 1092
143 1105
143 1162
143 1197
143 1212
144 0
144 1058
144 1062
144 1134
144 1156
144 1196
144 1240
145 0
145 203
145 1063
145 1068
145 1092
145 1102
145 1178
145 1209
145 1212
145 1224
146 0
146 203
146 1047
146 1055
146 1095
146 1166
146 1209
147 0
147 98
147 715
147 732
147 1039
147 1055
147 1056
147 1092
147 1108
147 1156
147 1168
147 1201
147 1232
148 0
148 337
148 774
148 1047
148 1055
148 1056
148 1058
148 1095
148 1102
148 1196
148 1242
149 0
149 715
149 1042
149 1095
149 1209
149 1212
150 0
150 474
150 921
150 1044
150 1047
150 1048
150 1055
150 1058
150 1059
150 1063
150 1066
150 1092
150 1094
150 1100
150 1129
150 1161
150 1188
150 1196
150 1203
150 1216
150 1230
150 1235
150 1240
151 0
151 1055
152 0
152 105
152 403
152 1055
152 1161
152 1196
152 1229
152 1236
153 0
153 531
153 841
153 1038
153 1068
153 1081
153 1115
153 1140
153 1182
153 1196
153 1240
154 0
154 203
154 1095
154 1162
155 0
155 480
155 829
155 1071
155 1116
155 1138
155 1140
155 1241
156 0
156 371
156 1175
156 1196
157 0
157 22
157 206
157 453
157 501
157 1068
157 1125
157 1138
158 0
158 197
158 457
158 480
158 841
158 1053
158 1055
158 1056
158 1064
158 1068
158 1081
158 1095
158 1101
158 1105
158 1128
158 1140
158 1180
158 1196
158 1209
158 1231
158 1237
159 0
159 494
159 1062
159 1166
159 1196
160 0
160 372
160 425
160 1003
160 1056
160 1064
161 0
161 1056
161 1062
162 0
163 0
163 371
163 1082
163 1228
163 1237
164 0
164 72
165 0
166 0
167 0
167 177
167 371
167 615
167 880
167 1044
167 1047
167 1055
167 1058
167 1082
167 1084
167 1090
167 1092
167 1095
167 1116
167 1156
167 1185
167 1196
167 1199
167 1200
167 1201
167 1222
167 1232
167 1237
168 0
168 193
168 347
168 1151
168 1209
168 1212
169 0
169 68
169 480
169 886
169 1044
169 1047
169 1055
169 1056
169 1058
169 1070
169 1081
169 1083
169 1092
169 1105
169 1111
169 1114
169 1161
169 1178
169 1196
169 1205
169 1240
170 0
170 198
170 479
170 1064
170 1076
171 0
171 981
171 1076
171 1110
171 1212
172 0
172 371
172 1044
172 1047
172 1055
172 1058
172 1070
172 1154
172 1161
172 1196
172 1212
172 1232
172 1240
173 0
173 3
173 371
173 490
173 826
173 1030
173 1044
173 1047
173 1048
173 1055
173 1058
173 1070
173 1081
173 1092
173 1156
173 1161
173 1175
173 1195
173 1196
173 1216
173 1218
173 1222
173 1228
173 1232
173 1240
174 0
174 167
174 177
174 371
174 615
174 619
174 645
174 1055
174 1058
174 1063
174 1064
174 1070
174 1095
174 1132
174 1156
174 1212
175 0
175 375
175 539
175 715
175 831
175 845
175 850
175 924
175 1047
175 1055
175 1056
175 1058
175 1074
175 1081
175 1092
175 1105
175 1106
175 1140
175 1161
175 1168
175 1196
175 1204
175 1212
175 1237
176 0
176 1056
176 1058
176 1092
176 1116
176 1139
176 1161
176 1177
176 1231
177 0
177 1044
177 1082
177 1090
177 1092
177 1147
177 1196
177 1199
177 1237
178 0
178 774
179 0
179 1055
179 1084
179 1161
179 1212
180 0
180 1055
180 1062
180 1081
180 1161
180 1182
180 1186
180 1196
180 1240
181 0
181 386
181 1058
181 1209
181 1212
182 0
182 1044
182 1055
182 1056
182 1116
182 1127
182 1231
183 0
183 371
183 699
184 0
184 1055
184 1057
184 1058
184 1081
184 1123
184 1161
185 0
185 480
185 645
185 1038
185 1055
185 1056
185 1064
185 1075
185 1099
185 1106
185 1110
185 1116
185 1127
185 1140
185 1161
185 1169
186 0
186 102
186 393
186 409
186 1028
186 1037
186 1046
186 1050
186 1055
186 1058
186 1092
186 1105
186 1140
186 1161
186 1177
186 1220
186 1240
187 0
187 479
187 1055
187 1064
187 1076
187 1095
187 1212
188 0
188 1045
188 1047
188 1055
188 1056
188 1058
188 1081
188 1175
188 1196
188 1212
189 0
189 1055
189 1095
189 1161
189 1167
189 1196
189 1218
190 0
190 328
190 437
190 438
190 739
190 1047
190 1057
190 1115
190 1127
190 1196
191 0
191 1113
191 1212
192 0
192 715
192 768
192 1196
192 1236
193 0
193 1056
193 1095
193 1209
194 0
194 1047
194 1053
194 1055
194 1056
194 1116
194 1161
194 1164
194 1195
194 1196
194 1212
195 0
195 1055
195 1092
195 1142
195 1175
195 1177
195 1196
195 1220
196 0
196 574
196 1152
197 0
197 1037
197 1047
197 1053
197 1055
197 1056
197 1058
197 1078
197 1079
197 1081
197 1095
197 1101
197 1114
197 1132
197 1140
197 1168
197 1192
197 1195
197 1196
197 1212
197 1213
197 1215
197 1237
197 1238
197 1240
198 0
198 1055
198 1072
198 1092
198 1151
199 0
199 371
199 480
199 985
199 1044
199 1047
199 1055
199 1056
199 1081
199 1140
199 1161
199 1162
199 1186
199 1196
199 1205
199 1212
199 1231
200 0
200 167
200 177
200 371
200 480
200 615
200 768
200 880
200 1055
200 1056
200 1090
200 1092
200 1152
200 1196
200 1199
200 1209
200 1222
201 0
201 58
201 408
201 480
201 515
201 564
201 829
201 1201
201 1221
202 0
202 889
202 1047
202 1116
202 1240
203 0
203 1047
203 1054
203 1055
203 1064
203 1076
203 1079
203 1095
203 1097
203 1102
203 1113
203 1154
203 1209
203 1212
203 1228
204 0
204 197
204 329
204 331
204 457
204 1058
204 1092
204 1095
204 1191
204 1196
204 1209
204 1212
204 1224
204 1227
204 1237
204 1240
205 0
205 619
205 1095
205 1162
205 1196
205 1212
206 0
206 22
206 453
206 501
207 0
207 615
207 1092
208 0
208 1076
208 1168
208 1209
208 1218
208 1229
209 0
209 516
209 916
209 1038
209 1047
209 1057
209 1058
209 1070
209 1076
209 1101
209 1140
209 1151
209 1156
209 1195
210 0
211 0
211 1095
211 1099
211 1153
211 1209
212 0
212 1056
213 0
213 1054
213 1095
213 1110
213 1212
214 0
214 596
214 1056
214 1126
214 1196
215 0
216 0
217 0
218 0
218 1044
218 1153
218 1209
219 0
219 254
219 1064
219 1209
220 0
220 508
220 739
220 1047
220 1177
220 1195
220 1196
221 0
221 1196
222 0
222 596
222 1055
222 1196
223 0
223 1055
223 1062
223 1068
223 1092
223 1110
223 1178
223 1196
223 1212
224 0
225 0
225 1095
225 1178
225 1196
225 1212
226 0
226 22
226 418
226 467
226 539
226 615
226 1051
226 1079
226 1095
226 1159
226 1168
226 1205
226 1209
227 0
227 480
227 615
227 667
227 845
227 1047
227 1053
227 1055
227 1056
227 1058
227 1063
227 1115
227 1123
227 1127
227 1140
227 1161
227 1162
227 1196
228 0
228 1055
229 0
229 1073
229 1082
229 1166
230 0
230 391
230 685
230 1044
230 1055
230 1062
230 1209
231 0
231 371
231 1055
231 1082
231 1107
231 1152
231 1156
232 0
232 1060
232 1101
232 1140
232 1178
232 1196
232 1212
232 1218
233 0
234 0
234 389
234 480
234 596
234 829
234 1221
235 0
235 1047
235 1055
235 1058
235 1178
236 0
236 1055
236 1095
236 1212
237 0
238 0
238 1055
238 1156
239 0
239 203
239 480
239 1076
240 0
240 530
240 1056
240 1081
240 1209
241 0
241 615
241 1047
241 1055
241 1074
241 1134
242 0
242 1033
242 1140
242 1151
242 1209
242 1221
243 0
243 1212
244 0
244 56
244 406
244 1055
244 1092
244 1188
245 0
246 0
246 197
246 371
246 1037
246 1044
246 1047
246 1048
246 1055
246 1056
246 1058
246 1081
246 1084
246 1089
246 1095
246 1100
246 1114
246 1132
246 1140
246 1144
246 1161
246 1166
246 1195
246 1196
246 1216
246 1230
246 1240
247 0
247 30
247 158
247 197
247 426
247 615
247 619
247 700
247 714
247 715
247 841
247 845
247 1044
247 1047
247 1055
247 1079
247 1082
247 1127
247 1140
247 1156
247 1195
247 1205
247 1215
248 0
248 1231
249 0
249 226
249 555
249 615
249 661
249 1003
249 1051
249 1055
249 1058
249 1076
249 1092
249 1105
249 1205
249 1209
249 1212
249 1224
250 0
250 615
250 1039
250 1056
250 1058
250 1062
250 1083
250 1092
250 1116
250 1127
250 1132
250 1156
250 1196
250 1209
250 1220
251 0
251 1056
251 1081
251 1115
251 1154
251 1155
251 1180
251 1196
251 1231
251 1237
252 0
252 1047
252 1055
252 1058
252 1059
252 1070
252 1166
253 0
253 473
253 505
253 615
253 718
253 1003
253 1044
253 1055
253 1058
253 1092
254 0
254 203
254 467
254 615
254 1056
254 1095
254 1097
254 1110
254 1162
254 1178
254 1196
254 1209
254 1212
255 0
255 480
255 880
255 1133
255 1233
256 0
257 0
257 1095
257 1154
257 1209
257 1212
258 0
258 406
258 1055
258 1057
258 1058
258 1084
258 1161
258 1218
258 1231
259 0
259 586
259 841
259 889
259 1047
259 1055
259 1056
259 1058
259 1065
259 1070
259 1116
259 1127
259 1196
259 1209
260 0
260 1116
261 0
261 88
261 1099
261 1153
262 0
262 371
262 493
262 985
262 1044
262 1047
262 1055
262 1058
262 1059
262 1081
262 1092
262 1105
262 1114
262 1135
262 1196
262 1202
262 1222
263 0
263 56
263 80
263 188
263 1045
263 1047
263 1056
263 1058
263 1081
263 1083
263 1175
263 1179
263 1196
263 1212
263 1228
264 0
264 267
264 921
264 1055
264 1129
265 0
265 172
265 814
265 1099
265 1232
266 0
266 197
266 838
266 1055
266 1056
266 1081
266 1114
266 1140
266 1161
266 1196
267 0
267 1044
267 1047
267 1055
267 1056
267 1057
267 1058
267 1059
267 1061
267 1063
267 1064
267 1070
267 1101
267 1105
267 1115
267 1127
267 1129
267 1132
267 1160
267 1162
267 1178
267 1195
267 1196
267 1203
267 1209
267 1210
267 1240
268 0
268 172
268 1047
268 1055
268 1081
268 1092
268 1127
268 1140
268 1161
268 1162
268 1196
268 1218
269 0
270 0
270 375
270 409
270 1081
270 1127
270 1212
271 0
271 877
271 1047
271 1055
271 1081
271 1092
271 1161
271 1172
271 1196
272 0
273 0
273 1047
273 1055
273 1105
273 1156
273 1157
273 1161
273 1188
273 1195
273 1216
274 0
274 480
274 1055
274 1056
274 1161
275 0
275 715
276 0
276 177
276 371
276 615
276 1044
276 1047
276 1055
276 1058
276 1062
276 1070
276 1082
276 1092
276 1095
276 1116
276 1127
276 1133
276 1134
276 1156
276 1169
276 1196
276 1199
276 1201
276 1237
276 1241
277 0
277 146
277 174
277 253
277 265
277 291
277 425
277 615
277 680
277 718
277 852
277 920
277 952
277 1003
277 1044
277 1064
277 1095
277 1096
277 1099
277 1113
277 1114
277 1178
277 1209
277 1212
278 0
278 1095
278 1110
278 1167
278 1212
279 0
279 1055
280 0
280 1161
281 0
281 732
281 1055
281 1083
281 1140
281 1161
281 1162
281 1196
282 0
282 1044
282 1054
282 1057
282 1095
282 1212
282 1231
283 0
283 666
283 1178
283 1185
283 1212
284 0
285 0
285 1055
285 1056
285 1058
285 1062
285 1068
285 1110
285 1196
286 0
286 1064
286 1095
286 1107
286 1196
286 1212
287 0
287 480
287 515
287 1056
287 1057
287 1095
287 1154
287 1166
287 1212
288 0
288 1055
288 1058
288 1061
288 1123
288 1152
288 1156
288 1160
288 1196
289 0
289 1038
289 1065
289 1081
289 1114
289 1166
289 1196
290 0
290 371
290 1007
290 1055
290 1140
290 1161
290 1196
291 0
291 767
291 1047
291 1058
291 1092
291 1095
291 1125
291 1209
291 1242
292 0
292 380
292 418
292 511
292 1007
292 1070
292 1082
292 1205
293 0
293 1055
293 1161
294 0
294 1056
294 1106
294 1116
294 1140
294 1196
295 0
295 177
295 615
295 619
295 661
295 1042
295 1212
296 0
296 371
296 615
296 1047
296 1055
296 1056
296 1074
296 1105
296 1140
297 0
297 1068
297 1102
297 1164
297 1166
297 1196
298 0
298 384
298 480
298 924
298 1044
298 1055
298 1056
298 1057
298 1058
298 1105
298 1116
298 1133
298 1161
298 1162
298 1168
298 1185
298 1196
298 1212
298 1222
298 1223
298 1240
299 0
299 1076
299 1095
299 1209
299 1212
300 0
300 1041
300 1042
300 1056
300 1092
300 1105
300 1138
300 1140
300 1196
300 1209
300 1238
301 0
301 1058
301 1196
302 0
302 1047
302 1055
302 1146
302 1212
302 1238
303 0
303 841
303 1058
303 1081
303 1182
304 0
304 1047
304 1055
304 1059
304 1082
304 1092
304 1161
304 1196
304 1237
304 1240
305 0
305 1047
305 1058
305 1059
305 1218
306 0
306 1044
306 1055
306 1057
306 1064
306 1154
306 1196
307 0
308 0
308 645
309 0
309 1053
309 1055
309 1058
309 1178
310 0
310 1044
310 1047
310 1055
310 1058
310 1070
310 1132
310 1161
310 1196
310 1201
310 1218
310 1232
310 1240
311 0
311 410
311 480
311 615
311 886
311 1028
311 1055
311 1056
311 1081
311 1083
311 1092
311 1132
311 1182
311 1196
311 1216
311 1240
312 0
312 351
312 1076
312 1134
313 0
314 0
314 1042
315 0
315 321
315 380
315 392
315 465
315 554
315 697
315 715
315 739
315 845
315 1042
315 1058
315 1078
315 1097
315 1154
315 1161
315 1196
315 1203
315 1209
315 1212
315 1228
315 1229
315 1231
315 1240
316 0
316 203
316 725
316 845
316 1054
316 1076
316 1095
316 1099
316 1209
316 1212
317 0
317 262
317 426
317 480
317 596
317 841
317 1038
317 1044
317 1055
317 1056
317 1057
317 1058
317 1060
317 1063
317 1065
317 1066
317 1081
317 1083
317 1105
317 1115
317 1116
317 1127
317 1140
317 1161
317 1162
317 1196
317 1212
317 1221
317 1227
317 1240
318 0
318 1038
318 1042
318 1055
318 1056
318 1097
318 1161
318 1178
318 1196
319 0
319 862
319 1108
320 0
320 847
321 0
321 109
321 739
321 1058
321 1097
321 1209
321 1228
322 0
322 1062
322 1095
323 0
324 0
324 1044
324 1055
324 1056
324 1058
324 1081
324 1095
324 1101
324 1102
324 1132
324 1166
324 1209
324 1212
325 0
325 1146
325 1164
325 1196
326 0
326 68
326 169
326 197
326 246
326 371
326 380
326 406
326 418
326 697
326 714
326 1007
326 1036
326 1047
326 1055
326 1081
326 1114
326 1127
326 1132
326 1140
326 1141
326 1156
326 1180
326 1201
326 1205
327 0
328 0
328 371
328 1047
328 1055
328 1056
328 1057
328 1058
328 1116
328 1124
328 1132
328 1230
328 1240
329 0
329 863
329 1054
329 1056
329 1057
329 1058
329 1071
329 1095
329 1154
329 1196
329 1209
329 1212
330 0
330 11
330 598
330 695
330 1038
330 1044
330 1056
330 1060
330 1075
330 1081
330 1082
330 1092
330 1127
330 1140
330 1166
330 1182
330 1186
330 1196
330 1209
331 0
331 1099
331 1132
331 1153
331 1196
331 1212
331 1224
331 1227
332 0
332 1116
332 1241
333 0
333 406
333 745
333 1047
333 1055
333 1057
333 1058
333 1081
333 1123
333 1161
334 0
334 203
334 364
334 494
334 534
334 1036
334 1055
334 1089
334 1092
334 1161
334 1196
334 1203
334 1240
335 0
335 1047
335 1092
335 1161
335 1196
335 1240
336 0
336 437
336 438
336 1055
336 1057
336 1092
336 1095
336 1101
337 0
337 480
337 829
337 1028
337 1039
337 1042
337 1056
337 1083
337 1124
337 1140
337 1156
337 1168
337 1169
337 1179
337 1196
337 1215
337 1228
337 1233
338 0
338 811
338 1134
338 1140
338 1162
338 1196
338 1212
339 0
339 1062
339 1081
339 1140
339 1161
339 1182
339 1186
339 1196
340 0
340 56
340 738
340 1058
340 1116
340 1196
340 1226
341 0
341 731
341 849
341 1058
342 0
342 1159
343 0
343 1055
343 1209
344 0
344 1092
344 1196
345 0
345 197
345 1038
345 1140
345 1156
345 1196
346 0
346 105
346 371
346 458
346 697
346 739
346 841
346 1007
346 1042
346 1044
346 1047
346 1058
346 1078
346 1127
346 1140
346 1196
346 1205
347 0
347 596
347 1051
347 1056
347 1092
347 1095
347 1114
347 1159
347 1209
348 0
348 14
348 480
348 797
348 817
348 985
348 1038
348 1044
348 1047
348 1055
348 1056
348 1058
348 1062
348 1084
348 1090
348 1092
348 1114
348 1122
348 1140
348 1161
348 1166
348 1180
348 1209
348 1212
348 1218
348 1237
348 1240
349 0
349 1068
349 1095
349 1102
349 1162
350 0
350 1054
350 1055
350 1056
350 1058
350 1084
350 1095
350 1162
350 1191
350 1196
350 1209
350 1212
350 1240
351 0
351 11
351 1055
351 1058
351 1082
351 1084
351 1092
351 1134
351 1209
351 1218
351 1237
352 0
352 50
352 371
352 745
352 985
352 1007
352 1037
352 1044
352 1046
352 1047
352 1055
352 1059
352 1070
352 1081
352 1127
352 1132
352 1146
352 1156
352 1161
352 1195
352 1203
352 1209
352 1218
352 1220
352 1238
352 1240
353 0
353 150
353 371
353 474
353 863
353 921
353 1036
353 1047
353 1055
353 1070
353 1084
353 1089
353 1101
353 1129
353 1156
353 1161
353 1196
354 0
354 1058
354 1232
355 0
355 1037
355 1054
355 1095
355 1102
355 1139
355 1168
355 1196
355 1209
355 1212
356 0
356 1038
356 1055
356 1058
356 1081
356 1127
356 1140
356 1175
356 1196
356 1240
357 0
357 174
357 371
357 511
357 1044
357 1047
357 1055
357 1058
357 1076
357 1099
357 1113
357 1132
357 1154
357 1156
357 1178
357 1196
357 1212
357 1242
358 0
358 1044
358 1055
358 1056
358 1064
358 1114
359 0
359 169
359 886
359 1036
359 1047
359 1055
359 1058
359 1084
359 1092
359 1105
359 1161
359 1203
360 0
360 1051
360 1064
360 1095
361 0
361 677
361 830
361 889
361 1160
362 0
362 150
362 262
362 1047
362 1055
362 1056
362 1058
362 1081
362 1105
362 1127
362 1182
362 1196
362 1205
362 1212
363 0
363 371
363 1047
363 1055
363 1056
363 1058
363 1116
363 1196
364 0
364 645
364 841
364 1044
364 1055
364 1056
364 1058
364 1105
364 1138
364 1140
364 1196
364 1216
364 1228
365 0
365 262
365 371
365 902
365 985
365 1047
365 1059
365 1062
365 1081
365 1092
365 1105
365 1135
365 1161
365 1196
365 1222
365 1230
366 0
366 268
366 915
366 1055
366 1080
366 1142
366 1176
367 0
367 1044
367 1046
367 1056
367 1064
367 1081
367 1092
367 1105
367 1140
367 1161
367 1196
367 1205
367 1238
368 0
368 437
368 438
368 1056
369 0
369 371
369 1055
369 1161
369 1196
369 1212
369 1237
370 0
370 50
370 59
370 700
370 1047
370 1058
370 1081
370 1092
370 1102
370 1140
370 1161
370 1196
370 1221
371 0
371 1044
371 1047
371 1053
371 1055
371 1058
371 1059
371 1062
371 1070
371 1086
371 1101
371 1105
371 1114
371 1140
371 1156
371 1160
371 1161
371 1168
371 1179
371 1182
371 1188
371 1195
371 1196
371 1197
371 1215
371 1222
371 1228
371 1231
371 1236
371 1237
371 1240
372 0
372 425
372 645
372 1064
373 0
373 203
373 1068
373 1095
373 1140
373 1209
374 0
374 1055
374 1057
374 1095
374 1209
374 1212
374 1240
375 0
375 371
375 1007
375 1036
375 1047
375 1055
375 1056
375 1063
375 1068
375 1081
375 1092
375 1102
375 1112
375 1140
375 1154
375 1161
375 1162
375 1168
375 1196
375 1212
375 1238
376 0
376 1047
376 1095
376 1116
377 0
377 480
377 700
377 768
377 1056
377 1058
377 1062
377 1083
377 1127
377 1161
377 1186
377 1190
377 1191
377 1196
377 1221
377 1236
378 0
378 1055
378 1056
378 1058
378 1196
379 0
379 1038
379 1044
379 1047
379 1058
379 1068
379 1092
379 1138
379 1140
379 1166
379 1168
379 1196
379 1212
380 0
380 197
380 371
380 511
380 604
380 664
380 697
380 1007
380 1047
380 1055
380 1078
380 1081
380 1114
380 1140
380 1141
380 1156
380 1173
380 1180
380 1184
380 1195
380 1196
380 1205
380 1240
381 0
381 1055
381 1057
381 1058
381 1095
381 1175
381 1190
381 1196
382 0
382 1039
382 1047
382 1055
382 1056
382 1059
382 1092
382 1095
382 1111
382 1161
382 1196
382 1221
382 1240
383 0
383 371
383 480
383 510
383 615
383 1047
383 1056
383 1058
383 1064
383 1068
383 1092
383 1095
383 1166
383 1187
383 1214
383 1221
384 0
384 1044
384 1055
384 1056
384 1057
384 1062
384 1074
384 1105
384 1133
384 1156
384 1168
384 1196
384 1223
385 0
385 105
385 174
385 371
385 645
385 697
385 739
385 1055
385 1182
386 0
386 718
386 1003
386 1110
386 1162
386 1178
386 1212
387 0
387 1095
387 1209
387 1212
388 0
389 0
389 645
389 1039
389 1044
389 1055
389 1056
389 1070
389 1083
389 1101
389 1108
389 1111
389 1127
389 1140
389 1162
389 1179
389 1196
389 1236
390 0
390 1051
390 1056
390 1196
390 1212
391 0
391 685
391 1054
391 1055
391 1076
391 1095
391 1140
391 1192
391 1209
391 1212
392 0
392 380
392 697
392 715
392 739
392 1042
392 1078
392 1196
392 1231
393 0
393 371
393 490
393 841
393 889
393 1047
393 1055
393 1058
393 1063
393 1070
393 1094
393 1127
393 1138
393 1140
393 1156
393 1161
393 1162
393 1195
393 1212
393 1223
394 0
394 847
395 0
395 360
395 1051
395 1064
395 1095
396 0
396 1185
397 0
397 389
397 480
397 528
397 553
397 630
397 768
397 841
397 1081
397 1101
397 1127
397 1140
397 1182
397 1221
397 1231
398 0
398 371
398 382
398 1047
398 1055
398 1063
398 1071
398 1092
398 1095
398 1097
398 1114
398 1116
398 1161
398 1162
398 1196
398 1209
398 1212
398 1240
399 0
399 14
399 29
399 480
399 615
399 732
399 767
399 826
399 841
399 889
399 1047
399 1056
399 1057
399 1079
399 1081
399 1092
399 1105
399 1150
399 1156
399 1168
399 1182
399 1186
399 1196
399 1216
399 1236
399 1238
400 0
400 615
400 667
400 724
400 1034
400 1047
400 1055
400 1058
400 1070
400 1081
400 1092
400 1105
400 1114
400 1127
400 1154
400 1156
400 1161
400 1196
400 1240
401 0
401 1047
401 1196
401 1238
402 0
402 480
402 615
402 886
402 889
402 1056
402 1057
402 1092
402 1116
402 1127
402 1140
402 1196
402 1221
402 1231
403 0
403 1055
403 1095
403 1148
403 1175
403 1196
403 1202
403 1212
403 1229
404 0
404 767
404 1044
404 1125
404 1126
404 1140
404 1196
405 0
405 262
405 371
405 655
405 714
405 916
405 1047
405 1055
405 1058
405 1105
405 1140
405 1156
405 1195
406 0
406 197
406 371
406 714
406 841
406 1007
406 1042
406 1047
406 1054
406 1055
406 1056
406 1058
406 1070
406 1079
406 1081
406 1095
406 1127
406 1140
406 1156
406 1161
406 1196
406 1209
406 1215
407 0
408 0
408 1196
408 1221
409 0
409 50
409 1037
409 1038
409 1044
409 1047
409 1055
409 1058
409 1059
409 1060
409 1068
409 1070
409 1114
409 1120
409 1138
409 1140
409 1154
409 1156
409 1160
409 1166
409 1183
409 1196
409 1209
409 1238
409 1240
410 0
410 1055
410 1056
410 1090
410 1095
410 1161
410 1200
410 1218
411 0
411 1047
411 1055
411 1063
411 1064
411 1161
411 1162
411 1212
411 1240
412 0
412 865
413 0
413 76
413 371
413 615
413 1036
413 1058
413 1116
413 1218
413 1237
414 0
414 509
414 1212
415 0
415 1064
415 1095
416 0
416 802
416 1095
416 1117
417 0
417 371
417 406
417 474
417 745
417 921
417 1007
417 1047
417 1048
417 1055
417 1058
417 1059
417 1070
417 1129
417 1156
417 1161
417 1205
417 1228
417 1240
418 0
418 172
418 380
418 511
418 697
418 1007
418 1047
418 1062
418 1070
418 1124
418 1141
418 1156
418 1175
418 1180
418 1195
418 1196
418 1240
419 0
419 480
419 1212
420 0
420 1062
421 0
421 645
421 1042
421 1056
421 1062
421 1081
421 1161
421 1164
421 1196
422 0
422 480
422 853
422 1039
422 1056
422 1075
422 1083
422 1167
423 0
423 441
423 480
423 683
423 766
423 922
423 963
423 1044
423 1095
423 1156
423 1178
423 1212
424 0
424 1047
424 1161
425 0
425 1242
426 0
426 1047
426 1055
426 1058
426 1082
426 1140
426 1196
426 1205
426 1240
427 0
427 68
427 169
427 352
427 371
427 380
427 406
427 418
427 697
427 700
427 714
427 739
427 1007
427 1036
427 1047
427 1055
427 1070
427 1078
427 1106
427 1124
427 1127
427 1132
427 1140
427 1141
427 1156
427 1161
427 1180
427 1195
427 1201
427 1205
428 0
429 0
429 371
429 406
429 1044
429 1047
429 1055
429 1056
429 1058
429 1081
429 1102
429 1127
429 1140
429 1196
430 0
430 371
430 615
430 1044
430 1047
430 1058
430 1092
430 1116
430 1140
431 0
431 845
431 1056
431 1140
431 1196
432 0
432 1209
433 0
433 542
433 1056
433 1075
433 1095
433 1196
433 1212
434 0
434 325
434 1038
434 1058
434 1110
435 0
435 1055
435 1056
435 1095
435 1124
435 1127
436 0
436 1055
436 1161
437 0
437 889
437 1038
437 1047
437 1055
437 1057
437 1069
437 1070
437 1083
437 1084
437 1115
437 1127
438 0
438 1068
438 1140
438 1196
439 0
439 1056
439 1161
439 1196
440 0
440 90
440 106
440 588
440 1007
440 1037
440 1055
440 1056
440 1151
440 1167
440 1189
440 1196
440 1201
440 1238
441 0
441 1044
441 1053
441 1055
441 1133
441 1156
441 1160
441 1167
441 1196
441 1208
442 0
442 1074
442 1196
443 0
443 1012
443 1175
443 1202
444 0
444 62
444 325
444 745
444 841
444 985
444 1044
444 1047
444 1055
444 1056
444 1146
444 1161
444 1164
444 1196
444 1202
444 1240
444 1242
445 0
445 1047
445 1055
445 1062
445 1095
445 1196
446 0
446 732
446 1056
446 1108
446 1132
447 0
447 1047
447 1058
447 1132
447 1196
448 0
448 1044
448 1046
448 1055
448 1056
448 1057
448 1058
448 1084
448 1161
448 1166
448 1191
448 1196
449 0
449 371
449 718
449 745
449 920
449 1027
449 1030
449 1047
449 1055
449 1101
449 1156
449 1161
449 1201
449 1218
449 1232
450 0
450 203
450 494
450 541
450 1064
450 1116
450 1212
451 0
451 880
451 1003
451 1053
451 1116
451 1167
451 1196
452 0
452 841
452 1007
452 1047
452 1081
452 1140
452 1212
453 0
453 1042
453 1095
453 1110
453 1196
453 1220
453 1238
454 0
454 1056
454 1081
454 1092
454 1113
454 1161
454 1178
454 1196
455 0
455 1148
455 1164
456 0
456 4
456 393
456 406
456 490
456 1044
456 1047
456 1055
456 1062
456 1095
456 1161
456 1188
456 1196
456 1212
456 1240
457 0
457 371
457 615
457 1046
457 1047
457 1048
457 1050
457 1055
457 1058
457 1063
457 1092
457 1094
457 1095
457 1128
457 1142
457 1156
457 1162
457 1168
457 1182
457 1196
457 1212
457 1237
457 1240
458 0
458 49
458 105
458 321
458 371
458 664
458 697
458 739
458 777
458 845
458 1038
458 1042
458 1078
458 1161
458 1196
459 0
459 1055
459 1068
459 1092
459 1105
459 1175
459 1196
460 0
460 1055
461 0
461 1057
461 1064
461 1079
461 1197
462 0
462 590
462 1038
462 1045
462 1058
462 1212
463 0
463 1110
463 1116
463 1196
464 0
464 56
464 359
464 1045
464 1092
464 1196
465 0
465 49
465 321
465 392
465 697
465 715
465 739
465 1042
465 1092
465 1099
466 0
466 480
466 596
466 1056
466 1106
466 1116
466 1133
467 0
467 725
467 1055
467 1095
467 1209
467 1212
468 0
468 300
468 1044
468 1056
468 1058
468 1081
468 1132
468 1178
468 1196
468 1209
469 0
469 188
469 399
469 480
469 1037
469 1038
469 1055
469 1058
469 1071
469 1081
469 1101
469 1140
469 1150
469 1156
469 1162
469 1196
469 1212
470 0
470 1055
470 1140
470 1196
471 0
471 1047
471 1054
471 1064
471 1092
471 1095
471 1209
472 0
472 718
472 862
472 1044
472 1055
472 1081
472 1215
473 0
473 177
473 371
473 555
473 615
473 718
473 1055
474 0
474 1044
474 1047
474 1048
474 1055
474 1058
474 1059
474 1066
474 1070
474 1100
474 1129
474 1161
474 1188
474 1196
474 1230
474 1235
474 1240
475 0
475 1055
475 1058
475 1167
475 1196
476 0
476 1095
476 1212
477 0
477 1064
477 1116
477 1226
478 0
478 81
478 380
478 418
478 1007
478 1062
478 1175
478 1196
478 1205
479 0
479 1064
479 1076
479 1095
479 1218
480 0
480 1044
480 1047
480 1055
480 1056
480 1057
480 1065
480 1081
480 1101
480 1116
480 1127
480 1132
480 1140
480 1161
480 1196
480 1221
480 1231
481 0
481 1062
481 1196
482 0
482 430
482 715
482 1055
482 1056
483 0
483 1048
483 1055
483 1156
483 1161
484 0
484 426
484 480
484 746
484 841
484 880
484 1044
484 1055
484 1082
484 1084
484 1140
484 1160
485 0
485 371
485 912
485 1055
485 1058
485 1166
486 0
486 760
486 1044
486 1055
487 0
488 0
488 1054
488 1076
488 1095
488 1096
488 1097
488 1102
488 1169
488 1209
488 1224
489 0
489 444
489 480
489 732
489 774
489 1038
489 1039
489 1055
489 1056
489 1065
489 1081
489 1083
489 1127
489 1135
489 1161
489 1179
489 1196
490 0
490 371
490 889
490 1047
490 1055
490 1058
490 1070
490 1092
490 1156
490 1161
490 1195
491 0
491 1056
491 1116
492 0
492 525
492 1055
492 1058
492 1062
492 1066
492 1154
492 1166
492 1168
492 1196
492 1240
493 0
493 715
493 1055
493 1056
493 1058
493 1062
493 1092
493 1168
493 1175
493 1182
493 1196
493 1229
493 1231
493 1237
494 0
494 29
494 203
494 371
494 480
494 826
494 829
494 1044
494 1047
494 1055
494 1058
494 1084
494 1092
494 1101
494 1156
494 1196
494 1222
495 0
495 1140
496 0
496 374
496 1212
497 0
497 371
497 916
497 955
497 1007
497 1038
497 1047
497 1055
497 1058
497 1070
497 1127
497 1156
497 1161
497 1205
498 0
498 1140
498 1196
499 0
500 0
500 831
500 1034
500 1055
500 1070
500 1081
500 1178
500 1196
501 0
501 22
501 453
502 0
502 203
502 1037
502 1047
502 1055
502 1056
502 1066
502 1076
502 1092
502 1095
502 1102
502 1105
502 1132
502 1166
502 1178
502 1209
502 1212
502 1218
503 0
503 1055
503 1058
504 0
504 62
504 480
504 819
504 951
504 1076
504 1092
504 1095
504 1140
504 1162
504 1196
504 1209
504 1212
505 0
505 341
505 731
505 849
505 1030
505 1113
505 1140
505 1201
506 0
506 371
506 480
506 745
506 889
506 1047
506 1055
506 1056
506 1057
506 1058
506 1101
506 1115
506 1116
506 1140
506 1161
506 1195
506 1231
506 1240
507 0
507 620
507 714
507 746
507 921
507 1036
507 1047
507 1055
507 1058
507 1092
507 1094
507 1100
507 1129
507 1156
507 1161
507 1166
507 1218
507 1223
507 1240
508 0
508 480
508 615
508 1055
508 1058
508 1097
508 1212
509 0
509 645
509 869
509 1055
509 1062
509 1063
509 1196
509 1200
510 0
511 0
511 615
511 1007
511 1055
511 1070
511 1082
511 1092
511 1114
511 1127
511 1140
511 1141
511 1156
511 1196
511 1205
512 0
512 807
512 1092
512 1106
513 0
513 50
513 103
513 352
513 371
513 406
513 453
513 695
513 714
513 715
513 745
513 1036
513 1037
513 1044
513 1046
513 1047
513 1052
513 1055
513 1057
513 1059
513 1070
513 1094
513 1101
513 1140
513 1156
513 1188
513 1195
513 1196
513 1201
513 1203
513 1205
513 1209
513 1218
513 1220
513 1232
513 1238
513 1240
514 0
514 172
514 268
514 371
514 406
514 1047
514 1055
514 1056
514 1058
514 1081
514 1105
514 1140
514 1161
514 1168
514 1196
514 1228
514 1238
514 1240
515 0
515 1055
515 1056
515 1064
515 1095
515 1097
515 1102
515 1108
515 1110
515 1116
515 1178
515 1209
515 1212
516 0
516 197
516 1076
516 1218
517 0
517 389
517 693
517 695
517 732
517 916
517 1037
517 1038
517 1039
517 1055
517 1071
517 1088
517 1108
517 1138
517 1140
517 1148
517 1183
517 1196
517 1240
518 0
518 490
518 1046
518 1055
518 1056
518 1058
518 1122
518 1140
518 1161
518 1196
518 1212
519 0
519 296
519 1055
519 1095
519 1209
519 1218
520 0
520 1055
520 1095
520 1154
520 1162
520 1196
520 1212
521 0
521 22
521 157
521 206
521 453
521 501
521 1037
521 1055
521 1125
521 1138
521 1175
521 1177
521 1183
521 1189
521 1192
521 1220
521 1238
522 0
522 1095
522 1114
522 1212
523 0
523 1076
523 1218
523 1223
524 0
524 1055
524 1058
525 0
525 1166
525 1196
526 0
526 174
526 645
526 682
526 1047
526 1055
526 1057
526 1058
526 1062
526 1126
526 1154
526 1196
526 1212
527 0
527 1055
527 1062
527 1081
527 1140
527 1209
528 0
528 480
528 1038
528 1055
528 1056
528 1081
528 1127
528 1179
528 1182
529 0
529 371
529 480
529 841
529 1047
529 1050
529 1055
529 1056
529 1083
529 1111
529 1127
529 1140
529 1196
530 0
530 1140
530 1212
531 0
531 1064
531 1209
531 1212
532 0
532 37
532 63
532 371
532 645
532 661
532 756
532 805
532 1044
532 1047
532 1053
532 1058
532 1116
532 1123
532 1196
532 1212
533 0
533 480
533 1055
533 1056
533 1196
534 0
534 203
534 494
535 0
535 480
535 494
535 1047
535 1055
535 1056
535 1057
535 1058
535 1070
535 1081
535 1105
535 1127
535 1132
535 1140
535 1188
535 1196
536 0
536 371
536 976
536 985
536 1037
536 1044
536 1047
536 1095
536 1107
536 1132
536 1140
536 1161
536 1196
536 1218
537 0
537 1218
538 0
538 1055
538 1058
538 1095
538 1156
538 1196
538 1211
539 0
539 105
539 197
539 246
539 604
539 715
539 717
539 768
539 814
539 841
539 1051
539 1074
539 1079
539 1168
539 1196
540 0
540 485
540 682
540 1058
540 1081
540 1095
540 1166
540 1196
541 0
541 732
542 0
542 1056
542 1057
542 1075
542 1095
542 1196
542 1212
543 0
543 494
543 736
543 1044
543 1047
543 1178
543 1196
544 0
544 1095
544 1140
544 1212
545 0
545 1056
545 1106
546 0
546 127
547 0
547 150
547 279
547 921
547 946
547 1047
547 1055
547 1081
547 1092
547 1196
548 0
548 197
548 1038
548 1140
548 1196
548 1237
549 0
549 1039
549 1209
550 0
550 56
550 493
550 1055
550 1056
550 1092
550 1162
550 1196
551 0
551 645
551 1044
551 1054
551 1055
551 1056
551 1077
551 1081
551 1084
551 1092
551 1095
551 1118
551 1127
551 1132
551 1146
551 1192
551 1220
551 1238
552 0
552 98
552 715
552 764
552 768
552 1092
552 1140
552 1168
552 1180
552 1229
552 1236
553 0
553 389
553 480
553 596
553 700
553 889
553 1058
553 1063
553 1082
553 1092
553 1095
553 1108
553 1127
553 1140
553 1161
553 1162
553 1196
553 1212
553 1221
554 0
554 715
554 1055
554 1062
554 1092
554 1123
554 1161
554 1175
554 1218
554 1237
554 1240
555 0
555 371
555 615
555 718
555 1055
556 0
556 1041
556 1055
556 1141
556 1196
556 1205
557 0
557 732
557 1039
557 1044
557 1055
557 1056
557 1058
557 1062
557 1095
557 1105
557 1108
557 1160
557 1169
557 1196
557 1209
557 1233
558 0
558 338
558 811
558 1140
559 0
559 36
559 1055
559 1095
559 1102
559 1166
559 1178
559 1209
559 1212
559 1218
560 0
560 371
560 1047
560 1055
560 1056
560 1058
560 1092
560 1095
560 1102
560 1114
560 1119
560 1152
560 1161
560 1162
560 1166
560 1195
560 1196
560 1209
560 1212
560 1218
560 1228
561 0
561 505
561 1027
561 1044
561 1055
561 1113
561 1140
561 1212
562 0
562 68
562 98
562 169
562 480
562 615
562 886
562 1028
562 1044
562 1047
562 1050
562 1055
562 1056
562 1058
562 1063
562 1070
562 1081
562 1083
562 1092
562 1105
562 1111
562 1114
562 1140
562 1175
562 1188
562 1196
562 1205
562 1209
562 1240
563 0
563 163
563 480
563 586
563 889
563 1055
563 1061
563 1063
563 1095
563 1123
563 1138
563 1177
563 1196
564 0
564 480
564 490
564 1055
564 1056
564 1095
564 1117
564 1196
564 1209
564 1212
565 0
566 0
566 29
566 30
566 35
566 105
566 371
566 392
566 426
566 598
566 697
566 715
566 746
566 768
566 826
566 841
566 960
566 964
566 1038
566 1044
566 1047
566 1055
566 1056
566 1058
566 1070
566 1105
566 1140
566 1161
566 1196
566 1205
566 1230
566 1240
567 0
567 169
567 1047
567 1055
567 1056
567 1063
567 1081
567 1092
567 1095
567 1156
567 1161
567 1196
568 0
569 0
569 177
569 1055
569 1058
569 1196
569 1212
570 0
570 916
570 1047
570 1058
570 1070
570 1101
570 1156
570 1195
571 0
571 1174
572 0
572 1068
572 1176
573 0
573 480
573 797
573 1028
573 1047
573 1055
573 1095
573 1127
573 1161
573 1196
573 1218
573 1223
574 0
574 1056
575 0
575 177
575 756
575 1003
575 1044
575 1055
575 1110
575 1196
575 1209
575 1242
576 0
576 856
576 1134
576 1140
576 1149
577 0
577 768
577 1055
577 1056
577 1212
578 0
578 1058
578 1196
578 1242
579 0
580 0
580 718
580 731
580 1055
580 1058
580 1113
580 1209
580 1212
581 0
582 0
582 375
582 700
582 831
582 1044
582 1055
582 1056
582 1063
582 1070
582 1092
582 1094
582 1114
582 1115
582 1132
582 1136
582 1140
582 1161
582 1180
582 1183
582 1188
582 1196
582 1197
582 1231
582 1237
582 1238
582 1240
583 0
584 0
584 527
584 1058
584 1161
585 0
585 1055
585 1081
585 1161
585 1196
585 1222
586 0
586 480
586 691
586 889
586 922
586 1044
586 1056
586 1133
587 0
587 441
587 889
587 1056
587 1126
588 0
588 375
588 480
588 841
588 1036
588 1038
588 1047
588 1055
588 1056
588 1083
588 1111
588 1127
588 1140
588 1162
588 1196
589 0
589 1134
589 1149
590 0
590 1038
590 1058
590 1212
590 1218
591 0
591 3
591 145
591 158
591 163
591 287
591 358
591 361
591 480
591 488
591 515
591 586
591 615
591 700
591 718
591 1044
591 1054
591 1056
591 1057
591 1064
591 1075
591 1108
591 1113
591 1116
591 1133
591 1178
591 1181
591 1193
591 1196
591 1209
591 1212
591 1231
592 0
592 68
592 169
592 852
592 1030
592 1058
592 1072
592 1175
592 1196
592 1209
592 1212
593 0
593 441
593 480
593 683
593 766
593 922
593 963
593 1047
593 1057
593 1061
593 1064
593 1102
593 1124
593 1160
593 1170
593 1190
593 1212
593 1224
593 1225
594 0
594 1047
594 1055
594 1058
594 1081
594 1092
594 1114
594 1160
594 1168
594 1180
594 1196
594 1199
594 1200
594 1213
594 1231
594 1236
594 1244
595 0
595 889
595 1096
595 1196
596 0
596 68
596 382
596 480
596 1039
596 1056
596 1106
596 1111
596 1127
596 1140
596 1156
596 1169
596 1179
596 1188
596 1196
596 1221
597 0
597 1089
598 0
598 11
598 296
598 457
598 488
598 695
598 1038
598 1055
598 1058
598 1082
598 1138
598 1140
598 1196
598 1215
598 1237
598 1240
599 0
599 375
599 700
599 831
599 1044
599 1055
599 1056
599 1058
599 1063
599 1092
599 1094
599 1105
599 1115
599 1138
599 1140
599 1161
599 1188
599 1196
599 1217
599 1231
599 1237
599 1240
600 0
600 1044
600 1055
600 1056
600 1060
600 1076
600 1196
600 1209
601 0
601 198
601 479
601 1038
601 1047
601 1051
601 1055
601 1072
601 1074
601 1084
601 1127
601 1140
601 1151
601 1228
602 0
602 480
602 1095
602 1116
602 1196
603 0
603 1055
603 1056
603 1083
603 1221
604 0
604 1055
604 1057
604 1058
604 1064
604 1154
604 1161
604 1162
604 1212
604 1228
605 0
605 982
605 1056
606 0
606 1196
607 0
607 338
607 811
607 1140
607 1162
607 1212
608 0
608 667
608 713
608 762
608 1034
608 1046
608 1058
608 1064
608 1066
608 1074
608 1081
608 1102
608 1107
608 1132
608 1151
608 1162
608 1196
608 1197
608 1201
608 1232
608 1240
609 0
609 434
609 1063
609 1092
609 1095
609 1110
609 1178
609 1212
609 1240
609 1242
610 0
610 2
610 29
610 425
610 826
610 1070
610 1110
610 1209
610 1218
611 0
611 1037
611 1042
611 1044
611 1055
611 1056
611 1057
611 1058
611 1061
611 1196
611 1238
611 1240
612 0
612 1024
612 1056
613 0
613 1182
614 0
614 136
615 0
615 371
615 1047
615 1055
615 1084
615 1092
615 1116
615 1156
615 1166
615 1196
615 1201
615 1222
615 1232
615 1241
616 0
616 3
616 371
616 1047
616 1061
617 0
617 841
617 1062
617 1116
618 0
618 620
618 1055
618 1058
618 1081
618 1161
618 1162
618 1169
618 1196
618 1222
618 1238
619 0
619 177
619 371
619 615
619 1044
619 1047
619 1058
619 1090
619 1092
619 1156
619 1196
619 1199
619 1222
620 0
620 1047
620 1055
620 1156
620 1195
620 1218
621 0
621 4
621 371
621 406
621 615
621 841
621 845
621 953
621 1038
621 1042
621 1047
621 1054
621 1055
621 1056
621 1058
621 1081
621 1095
621 1101
621 1116
621 1127
621 1140
621 1152
621 1161
621 1182
621 1196
621 1209
621 1212
621 1231
621 1241
622 0
622 515
622 1056
622 1095
622 1097
622 1102
622 1110
622 1178
622 1209
622 1212
623 0
623 1038
623 1055
623 1127
623 1133
623 1140
623 1167
623 1185
623 1196
624 0
624 410
624 1055
624 1095
624 1240
625 0
625 371
625 406
625 1047
625 1055
625 1082
625 1212
626 0
626 845
626 1055
626 1114
626 1127
626 1182
626 1186
627 0
627 1058
628 0
628 371
628 1044
628 1055
628 1060
628 1063
628 1065
628 1066
628 1114
628 1140
628 1161
628 1167
628 1196
628 1225
629 0
629 1039
629 1056
629 1132
629 1167
630 0
630 185
630 197
630 480
630 645
630 700
630 715
630 841
630 889
630 1038
630 1047
630 1055
630 1056
630 1059
630 1070
630 1081
630 1095
630 1099
630 1101
630 1102
630 1105
630 1108
630 1127
630 1128
630 1140
630 1156
630 1168
630 1180
630 1182
630 1195
630 1205
630 1209
630 1212
630 1221
630 1231
630 1236
630 1237
630 1238
631 0
631 640
631 1039
631 1055
631 1058
631 1132
631 1196
632 0
632 1055
632 1058
632 1175
633 0
633 1110
633 1138
633 1140
633 1209
634 0
635 0
635 764
635 1055
635 1058
635 1068
635 1175
636 0
636 3
636 423
636 480
636 683
636 766
636 1047
636 1058
636 1064
637 0
638 0
638 1160
638 1167
638 1196
638 1208
639 0
639 1055
639 1064
639 1095
639 1102
639 1209
639 1212
640 0
640 1037
640 1038
640 1039
640 1044
640 1046
640 1055
640 1056
640 1057
640 1058
640 1062
640 1092
640 1095
640 1127
640 1140
640 1152
640 1161
640 1168
640 1175
640 1183
640 1196
640 1236
640 1240
641 0
641 1095
641 1162
641 1196
642 0
642 480
642 702
642 1055
642 1056
642 1064
642 1116
643 0
643 371
643 1047
643 1055
643 1058
643 1063
643 1081
643 1089
643 1092
643 1120
643 1127
643 1161
643 1196
644 0
644 171
644 1095
645 0
645 1039
645 1042
645 1044
645 1054
645 1056
645 1062
645 1065
645 1081
645 1095
645 1097
645 1110
645 1127
645 1140
645 1161
645 1178
645 1179
645 1196
645 1209
645 1212
645 1221
646 0
647 0
647 127
647 774
647 796
647 1037
647 1039
647 1055
647 1056
647 1058
647 1083
647 1092
647 1095
647 1114
647 1115
647 1127
647 1132
647 1146
647 1196
647 1221
648 0
648 829
648 1064
649 0
649 453
649 1055
649 1099
649 1114
649 1140
649 1209
649 1221
650 0
650 768
650 1081
650 1196
650 1240
651 0
651 1044
651 1055
651 1056
651 1058
651 1064
651 1081
651 1092
651 1115
651 1123
651 1138
651 1175
651 1196
651 1212
652 0
652 44
652 113
652 296
652 389
652 950
652 1007
652 1039
652 1047
652 1055
652 1056
652 1063
652 1111
652 1127
652 1132
652 1143
652 1196
652 1240
653 0
653 389
653 480
653 645
653 1055
653 1056
653 1108
653 1133
653 1196
654 0
654 1055
654 1196
655 0
655 29
655 177
655 197
655 371
655 406
655 480
655 494
655 768
655 826
655 1047
655 1055
655 1056
655 1060
655 1064
655 1095
655 1140
655 1156
655 1182
655 1186
655 1212
655 1215
655 1231
656 0
656 1064
656 1095
656 1110
656 1152
656 1162
656 1178
656 1196
657 0
657 301
657 615
657 1055
658 0
658 197
658 341
658 371
658 849
658 1030
658 1044
658 1047
658 1058
658 1059
658 1082
658 1237
659 0
659 1003
659 1054
659 1095
659 1162
659 1209
659 1212
660 0
660 1140
661 0
661 167
661 174
661 177
661 197
661 207
661 357
661 371
661 473
661 555
661 615
661 621
661 714
661 718
661 725
661 845
661 880
661 1003
661 1047
661 1055
661 1058
661 1092
661 1114
661 1116
661 1156
661 1199
661 1222
661 1231
662 0
662 1044
662 1056
662 1182
662 1196
662 1212
663 0
663 1095
663 1196
664 0
664 1042
664 1058
664 1078
664 1156
664 1218
665 0
665 1038
665 1042
665 1044
665 1047
665 1055
665 1127
665 1140
665 1161
665 1172
665 1196
665 1205
665 1209
666 0
666 1055
666 1062
666 1081
666 1095
666 1167
666 1185
666 1212
667 0
667 371
667 1047
667 1055
667 1058
667 1081
667 1089
667 1120
667 1127
667 1161
667 1196
668 0
668 1095
668 1097
668 1178
668 1212
669 0
669 921
669 1058
669 1240
670 0
670 144
670 1058
670 1062
670 1134
670 1156
670 1196
670 1240
671 0
671 62
671 485
671 716
671 1110
671 1166
671 1196
672 0
672 1055
672 1081
672 1127
672 1161
672 1196
673 0
673 1056
673 1076
673 1113
673 1154
673 1212
674 0
674 235
674 598
674 1047
674 1055
674 1095
674 1218
675 0
675 115
676 0
676 715
676 1047
676 1055
676 1057
676 1058
676 1062
676 1154
676 1207
676 1228
676 1229
677 0
677 371
677 1053
677 1057
677 1058
677 1060
677 1084
677 1166
678 0
678 1036
678 1055
678 1063
678 1084
678 1089
678 1156
678 1161
678 1162
678 1196
678 1216
679 0
679 1095
679 1209
679 1212
680 0
680 1057
680 1079
680 1196
680 1212
681 0
681 537
681 793
681 1007
681 1148
681 1218
682 0
682 1042
682 1081
682 1110
682 1196
682 1209
682 1212
683 0
683 3
683 922
683 1058
683 1154
683 1161
683 1212
684 0
684 1003
684 1055
684 1062
684 1140
684 1215
685 0
685 410
685 1046
685 1055
685 1063
685 1083
685 1161
685 1196
685 1240
686 0
686 11
686 97
686 150
686 296
686 371
686 406
686 474
686 693
686 767
686 802
686 863
686 1036
686 1047
686 1055
686 1058
686 1081
686 1092
686 1115
686 1119
686 1196
687 0
687 11
687 296
687 598
687 811
687 856
687 1047
687 1055
687 1062
687 1092
687 1140
688 0
688 1058
689 0
689 1047
689 1055
689 1057
689 1064
689 1070
689 1082
689 1147
689 1232
690 0
690 596
690 1037
690 1044
690 1047
690 1055
690 1056
690 1066
690 1070
690 1095
690 1101
690 1105
690 1140
690 1161
690 1196
690 1209
690 1210
690 1218
691 0
691 480
691 718
691 889
691 1161
691 1193
692 0
692 505
692 1047
692 1055
692 1152
693 0
693 150
693 474
693 767
693 863
693 886
693 976
693 1036
693 1055
693 1056
693 1058
693 1065
693 1083
693 1092
693 1095
693 1108
693 1114
693 1119
693 1127
693 1166
693 1179
693 1196
694 0
694 50
694 371
694 714
694 739
694 745
694 1037
694 1046
694 1047
694 1050
694 1055
694 1057
694 1070
694 1081
694 1105
694 1132
694 1146
694 1161
694 1166
694 1196
694 1203
694 1205
694 1209
694 1218
694 1220
694 1236
694 1238
694 1240
695 0
695 11
695 150
695 296
695 457
695 841
695 889
695 924
695 1047
695 1055
695 1056
695 1058
695 1060
695 1071
695 1081
695 1092
695 1127
695 1132
695 1138
695 1140
695 1172
695 1173
695 1190
695 1209
695 1215
696 0
696 1056
696 1161
696 1196
697 0
697 371
697 715
697 1047
697 1055
697 1078
697 1168
697 1180
697 1236
698 0
698 889
698 1055
698 1064
698 1095
698 1209
699 0
699 615
699 714
699 1055
699 1195
699 1201
700 0
700 480
700 889
700 1095
700 1101
700 1140
700 1154
700 1161
700 1196
700 1205
700 1212
700 1231
701 0
701 1116
701 1196
702 0
702 1056
702 1095
702 1116
703 0
703 685
703 1039
703 1047
703 1050
703 1055
703 1062
703 1063
703 1070
703 1081
703 1083
703 1101
703 1102
703 1105
703 1156
703 1196
703 1244
704 0
704 982
704 1056
704 1116
704 1241
705 0
705 371
705 920
705 1055
705 1058
705 1113
705 1212
705 1237
706 0
706 177
706 371
706 1047
706 1092
706 1196
706 1212
707 0
707 181
707 386
707 862
707 1058
707 1209
707 1212
708 0
708 430
708 1055
708 1058
708 1084
708 1196
709 0
709 1068
709 1081
709 1127
709 1161
709 1196
710 0
710 1108
711 0
712 0
712 480
712 880
712 1039
712 1044
712 1047
712 1055
712 1056
712 1058
712 1059
712 1060
712 1081
712 1083
712 1085
712 1092
712 1102
712 1106
712 1116
712 1126
712 1127
712 1140
712 1152
712 1156
712 1161
712 1175
712 1180
712 1182
712 1188
712 1196
712 1212
712 1231
712 1240
713 0
713 50
713 268
713 371
713 406
713 667
713 821
713 863
713 1016
713 1034
713 1036
713 1055
713 1063
713 1081
713 1100
713 1140
713 1161
713 1168
713 1188
713 1196
713 1212
713 1240
714 0
714 371
714 494
714 615
714 700
714 1007
714 1044
714 1047
714 1055
714 1070
714 1079
714 1084
714 1105
714 1112
714 1128
714 1132
714 1166
714 1195
714 1201
715 0
715 1042
715 1074
715 1082
715 1105
715 1168
715 1180
715 1216
715 1229
715 1231
715 1236
716 0
716 203
716 645
716 814
716 841
716 1054
716 1064
716 1068
716 1095
716 1162
716 1166
716 1209
716 1212
717 0
717 1051
717 1079
717 1095
717 1128
717 1159
717 1209
717 1228
718 0
718 371
718 615
718 1116
719 0
720 0
720 249
720 1068
720 1176
721 0
722 0
722 4
722 1047
722 1055
722 1056
722 1058
722 1105
722 1140
722 1196
722 1210
723 0
723 1102
723 1196
723 1212
724 0
724 480
724 615
724 715
724 1056
724 1057
724 1064
724 1092
724 1168
724 1178
724 1196
724 1212
724 1231
724 1236
725 0
725 1095
725 1113
725 1114
725 1209
725 1212
725 1227
726 0
726 325
726 371
726 444
726 745
726 841
726 1047
726 1050
726 1055
726 1070
726 1146
726 1161
726 1164
726 1175
726 1240
726 1242
727 0
727 715
727 1055
727 1105
727 1175
727 1196
727 1212
727 1231
727 1236
728 0
728 371
728 426
728 480
728 746
728 1044
728 1053
728 1055
728 1056
728 1082
728 1111
728 1123
728 1152
728 1160
728 1196
728 1212
729 0
729 1055
729 1059
729 1073
729 1082
729 1092
729 1147
730 0
730 434
730 1047
730 1095
730 1196
731 0
731 849
731 1102
731 1113
731 1178
731 1212
732 0
732 480
732 1038
732 1047
732 1055
732 1056
732 1058
732 1063
732 1105
732 1108
732 1127
732 1132
732 1161
732 1169
732 1196
732 1215
732 1221
732 1240
733 0
733 371
733 1055
733 1095
733 1101
733 1113
733 1231
733 1237
734 0
734 1058
734 1140
734 1196
735 0
736 0
736 1044
736 1055
736 1237
737 0
737 403
737 715
737 768
737 839
737 1055
737 1058
737 1062
737 1092
737 1168
737 1175
737 1229
738 0
738 1105
738 1196
739 0
739 697
739 715
739 1042
739 1058
739 1078
739 1196
740 0
740 91
740 97
740 207
740 289
740 693
740 762
740 1055
740 1065
740 1066
740 1077
740 1095
740 1196
740 1212
740 1236
741 0
741 680
741 1055
741 1058
742 0
742 371
742 1044
742 1047
742 1055
742 1056
742 1058
742 1063
742 1115
742 1140
742 1186
742 1196
742 1205
742 1212
743 0
743 1055
743 1056
743 1092
743 1114
743 1123
743 1127
743 1140
743 1156
743 1160
743 1161
743 1162
743 1196
744 0
744 1055
744 1140
744 1196
745 0
745 197
745 1044
745 1047
745 1050
745 1055
745 1058
745 1059
745 1070
745 1127
745 1161
745 1182
745 1196
745 1218
745 1231
745 1235
746 0
746 371
746 480
746 921
746 1044
746 1047
746 1055
746 1082
746 1129
746 1140
746 1152
746 1188
746 1196
746 1218
746 1223
746 1240
747 0
747 1110
748 0
748 1161
748 1196
748 1208
749 0
750 0
750 1044
750 1047
750 1055
750 1092
750 1095
750 1114
750 1115
750 1122
750 1140
750 1146
750 1161
750 1196
750 1240
751 0
751 471
751 1066
751 1114
751 1209
751 1212
752 0
752 1038
752 1127
752 1196
753 0
753 30
753 89
753 364
753 406
753 426
753 714
753 841
753 1007
753 1047
753 1055
753 1082
753 1140
753 1156
753 1161
753 1196
753 1238
753 1240
754 0
755 0
755 425
755 1056
755 1057
755 1076
755 1139
755 1154
755 1196
755 1212
756 0
756 471
756 1003
756 1035
756 1044
756 1047
756 1055
756 1058
756 1081
756 1105
756 1160
756 1166
756 1196
756 1241
757 0
757 480
757 829
757 1040
757 1047
757 1055
757 1059
757 1081
757 1133
757 1175
757 1196
757 1221
758 0
758 1092
758 1161
758 1196
759 0
759 480
759 1055
759 1056
759 1161
759 1196
760 0
760 1044
760 1057
760 1095
761 0
761 480
761 798
761 1055
762 0
762 667
762 1034
762 1046
762 1047
762 1070
762 1081
762 1092
762 1102
762 1127
762 1140
762 1151
762 1156
762 1161
762 1162
762 1196
762 1212
762 1232
763 0
763 1058
763 1196
764 0
764 1058
764 1175
765 0
765 1055
765 1058
765 1161
765 1178
765 1237
766 0
766 3
766 480
766 616
766 683
766 963
766 1044
766 1047
766 1057
766 1058
766 1156
766 1161
766 1236
767 0
767 1047
767 1058
767 1064
767 1092
767 1105
767 1115
767 1125
767 1196
767 1212
768 0
768 203
768 371
768 480
768 715
768 732
768 1047
768 1055
768 1056
768 1092
768 1162
768 1196
768 1221
768 1228
768 1229
768 1231
769 0
769 1092
769 1196
770 0
770 306
770 1057
770 1058
770 1114
770 1140
770 1166
771 0
771 841
771 1047
771 1055
771 1161
771 1196
771 1223
771 1241
772 0
772 22
772 226
772 395
772 539
772 717
772 1051
772 1064
772 1079
772 1095
772 1159
772 1228
773 0
773 1055
773 1081
773 1161
773 1167
773 1175
773 1196
774 0
774 246
774 1007
774 1038
774 1039
774 1056
774 1095
774 1101
774 1111
774 1115
774 1127
774 1132
774 1196
775 0
775 1055
775 1056
775 1058
775 1062
775 1156
775 1196
775 1212
776 0
776 1055
776 1058
776 1175
777 0
777 105
777 406
777 539
777 596
777 697
777 715
777 739
777 768
777 814
777 839
777 1042
777 1047
777 1055
777 1070
777 1074
777 1105
777 1156
777 1168
777 1180
777 1196
777 1236
778 0
778 1054
778 1095
778 1162
778 1209
778 1231
779 0
780 0
781 0
781 1166
782 0
782 437
782 438
782 715
782 821
782 845
782 1036
782 1038
782 1055
782 1056
782 1084
782 1127
782 1168
782 1191
782 1196
782 1236
782 1240
783 0
783 1076
783 1079
783 1154
783 1212
783 1213
784 0
784 490
784 1044
784 1047
784 1055
784 1058
784 1161
784 1188
784 1240
785 0
785 49
785 315
785 697
785 739
785 1078
785 1081
785 1196
785 1228
786 0
786 433
786 1056
786 1057
786 1075
786 1095
786 1117
786 1127
786 1196
786 1212
786 1231
787 0
787 1007
787 1044
787 1046
787 1047
787 1055
787 1056
787 1058
787 1062
787 1081
787 1092
787 1102
787 1106
787 1132
787 1156
787 1196
787 1231
787 1240
788 0
788 490
788 494
788 602
788 826
788 1070
788 1092
788 1175
788 1222
789 0
789 480
789 1028
789 1056
790 0
791 0
791 150
791 921
791 946
791 1044
791 1047
791 1048
791 1055
791 1058
791 1066
791 1092
791 1161
791 1188
791 1196
791 1203
791 1212
791 1222
791 1240
792 0
792 29
792 494
792 826
792 1058
792 1079
793 0
793 537
793 1148
793 1152
793 1218
794 0
794 1044
794 1055
794 1056
794 1084
794 1105
795 0
795 1047
795 1161
795 1196
796 0
796 127
796 1037
796 1055
796 1092
796 1114
796 1132
796 1146
797 0
797 1046
797 1055
797 1057
797 1062
797 1115
797 1127
797 1146
797 1161
797 1182
797 1186
797 1192
797 1196
797 1209
797 1216
797 1218
798 0
798 480
798 1056
798 1140
798 1212
798 1221
799 0
799 371
799 1030
799 1055
799 1058
799 1095
799 1113
799 1154
799 1178
799 1209
799 1212
800 0
800 1057
800 1058
800 1161
800 1178
801 0
802 0
802 363
802 389
802 494
802 841
802 1127
802 1140
802 1196
803 0
803 725
803 845
803 1095
803 1209
804 0
804 1055
804 1062
804 1081
804 1164
804 1173
804 1175
804 1196
805 0
805 1058
805 1065
805 1196
805 1209
806 0
806 307
806 822
806 1068
806 1182
807 0
807 1055
807 1070
807 1075
807 1114
807 1120
807 1123
807 1196
807 1212
807 1220
808 0
808 882
808 1154
808 1161
808 1212
809 0
809 1055
809 1196
810 0
810 389
810 480
810 586
810 596
810 728
810 829
810 845
810 846
810 853
810 889
810 981
810 1039
810 1047
810 1053
810 1056
810 1095
810 1108
810 1111
810 1172
810 1221
811 0
811 338
811 1095
811 1140
811 1162
812 0
812 52
812 430
812 446
812 615
812 955
812 1136
812 1221
813 0
813 197
813 493
813 841
813 1055
813 1058
813 1079
813 1152
813 1156
813 1161
813 1196
813 1229
813 1240
814 0
814 715
814 1044
814 1064
814 1079
814 1168
814 1196
814 1229
815 0
816 0
816 480
816 829
816 1047
816 1053
816 1055
816 1124
816 1127
816 1140
816 1156
816 1160
816 1161
816 1167
816 1194
816 1208
816 1218
817 0
817 1140
817 1196
818 0
818 371
818 426
818 826
818 955
818 1047
818 1055
818 1058
818 1059
818 1062
818 1070
818 1076
818 1095
818 1127
818 1156
818 1161
818 1166
818 1209
818 1218
819 0
819 1058
819 1076
819 1116
819 1156
819 1185
820 0
820 668
820 775
820 1095
820 1212
821 0
821 105
821 328
821 480
821 697
821 768
821 841
821 853
821 1038
821 1055
821 1108
821 1126
821 1161
821 1168
821 1207
821 1236
822 0
823 0
823 911
823 1021
823 1038
823 1058
823 1140
823 1175
824 0
824 615
824 1226
825 0
825 1055
825 1060
825 1182
826 0
826 371
826 1047
826 1058
826 1062
826 1101
826 1197
827 0
827 1055
827 1081
827 1161
827 1196
828 0
828 615
828 1038
828 1055
828 1196
829 0
829 382
829 480
829 1055
829 1056
829 1070
829 1092
829 1111
829 1114
829 1127
829 1140
829 1156
829 1179
829 1221
830 0
830 197
830 457
830 645
830 889
830 1044
830 1046
830 1053
830 1058
830 1065
830 1092
830 1095
830 1128
830 1196
830 1202
830 1209
830 1212
830 1237
830 1240
831 0
831 371
831 375
831 640
831 1007
831 1036
831 1046
831 1047
831 1055
831 1056
831 1062
831 1063
831 1081
831 1082
831 1092
831 1112
831 1114
831 1140
831 1161
831 1170
831 1172
831 1188
831 1196
831 1212
831 1237
832 0
832 292
832 615
832 661
832 841
832 1003
832 1138
832 1140
832 1241
833 0
833 845
833 1154
833 1162
833 1196
834 0
834 1178
835 0
835 480
835 615
835 1056
835 1140
835 1161
835 1233
836 0
836 1055
837 0
837 1068
838 0
838 197
838 1055
838 1056
838 1081
838 1114
838 1140
838 1161
838 1196
839 0
839 262
839 403
839 493
839 715
839 1055
839 1058
839 1062
839 1092
839 1168
839 1175
839 1229
840 0
840 1047
840 1056
840 1116
840 1161
841 0
841 197
841 246
841 371
841 615
841 645
841 889
841 1038
841 1039
841 1042
841 1044
841 1047
841 1054
841 1055
841 1056
841 1058
841 1060
841 1061
841 1062
841 1075
841 1079
841 1081
841 1095
841 1101
841 1108
841 1116
841 1127
841 1140
841 1161
841 1178
841 1196
841 1209
841 1215
841 1217
841 1221
841 1228
841 1231
841 1241
842 0
842 965
842 1055
842 1084
842 1196
843 0
843 1016
843 1028
843 1044
843 1055
843 1058
843 1092
843 1168
843 1196
843 1209
843 1240
844 0
844 1175
845 0
845 480
845 700
845 715
845 1037
845 1044
845 1046
845 1047
845 1054
845 1055
845 1056
845 1058
845 1066
845 1070
845 1081
845 1095
845 1105
845 1123
845 1132
845 1138
845 1156
845 1161
845 1177
845 1180
845 1182
845 1186
845 1196
845 1203
845 1209
845 1229
845 1231
845 1236
845 1240
846 0
846 371
846 406
846 480
846 553
846 768
846 829
846 1047
846 1055
846 1056
846 1058
846 1140
846 1156
846 1196
846 1221
847 0
847 1162
848 0
848 197
848 371
848 1030
848 1047
848 1161
849 0
849 1055
849 1058
850 0
850 105
850 375
850 411
850 453
850 493
850 640
850 697
850 715
850 829
850 831
850 924
850 1036
850 1044
850 1046
850 1047
850 1056
850 1062
850 1063
850 1081
850 1105
850 1112
850 1114
850 1154
850 1162
850 1168
850 1170
850 1188
850 1196
850 1204
850 1212
850 1231
851 0
851 479
851 783
851 1064
851 1076
852 0
852 505
852 799
852 920
852 928
852 940
852 1044
852 1055
852 1209
853 0
853 480
853 553
853 700
853 826
853 841
853 1038
853 1055
853 1056
853 1068
853 1095
853 1116
853 1123
853 1128
853 1140
853 1209
853 1212
853 1221
854 0
854 1058
854 1127
854 1166
854 1196
854 1231
855 0
855 494
855 841
855 853
855 1047
855 1076
855 1128
855 1132
855 1140
856 0
856 1134
856 1140
856 1149
857 0
857 1047
857 1058
857 1212
858 0
858 1042
858 1055
858 1229
859 0
859 870
859 1212
860 0
860 98
860 539
860 715
860 802
860 845
860 1055
860 1196
860 1229
861 0
862 0
862 849
862 1047
862 1055
862 1058
862 1064
862 1114
862 1212
863 0
863 50
863 197
863 371
863 1007
863 1044
863 1047
863 1055
863 1056
863 1058
863 1063
863 1081
863 1084
863 1092
863 1095
863 1101
863 1114
863 1127
863 1140
863 1162
863 1166
863 1183
863 1188
863 1195
863 1196
863 1209
863 1212
863 1237
863 1240
864 0
864 430
864 1058
864 1175
865 0
865 1044
865 1055
865 1056
865 1058
865 1068
865 1161
865 1162
865 1196
865 1212
866 0
867 0
867 1045
867 1055
867 1062
867 1164
867 1173
867 1175
867 1231
868 0
868 167
868 826
869 0
869 1055
869 1058
869 1095
870 0
870 1056
870 1110
871 0
871 1059
872 0
872 1076
872 1164
872 1218
873 0
874 0
874 262
874 1044
874 1058
874 1081
874 1083
874 1092
874 1105
874 1114
874 1127
874 1196
875 0
875 505
875 1027
875 1055
875 1058
875 1140
876 0
876 1095
876 1212
877 0
877 1044
877 1047
877 1055
877 1056
877 1057
877 1058
877 1063
877 1070
877 1081
877 1089
877 1095
877 1105
877 1127
877 1132
877 1140
877 1172
877 1173
877 1175
877 1188
877 1196
877 1205
878 0
878 442
878 480
878 602
878 615
878 1003
878 1116
879 0
879 1062
879 1076
879 1117
879 1164
879 1218
880 0
880 371
880 1047
880 1057
880 1070
880 1092
880 1101
880 1113
880 1116
880 1127
880 1156
880 1160
880 1167
880 1180
880 1205
880 1208
880 1212
881 0
881 363
881 426
881 1057
881 1058
881 1066
881 1114
881 1127
881 1153
881 1154
881 1166
881 1196
881 1212
882 0
882 1047
882 1092
882 1105
882 1161
882 1196
882 1209
883 0
883 698
883 1121
883 1196
884 0
884 588
884 1055
884 1127
884 1196
885 0
885 774
885 1039
885 1056
885 1127
885 1221
886 0
886 68
886 615
886 1044
886 1047
886 1056
886 1058
886 1063
886 1070
886 1081
886 1083
886 1092
886 1105
886 1111
886 1114
886 1161
886 1192
886 1196
886 1205
886 1220
886 1240
887 0
887 480
887 505
887 621
887 658
887 718
887 848
887 849
887 1030
887 1113
888 0
888 197
888 246
888 596
888 841
888 1116
888 1196
888 1241
889 0
889 480
889 1047
889 1055
889 1056
889 1081
889 1092
889 1108
889 1113
889 1114
889 1124
889 1127
889 1139
889 1140
889 1186
889 1193
889 1195
889 1196
889 1212
889 1220
889 1221
890 0
890 1044
890 1056
890 1106
890 1116
890 1126
890 1133
890 1196
891 0
891 505
891 1048
891 1183
891 1196
892 0
892 1095
892 1116
892 1154
893 0
893 68
893 371
893 1037
893 1039
893 1046
893 1047
893 1055
893 1057
893 1058
893 1062
893 1070
893 1083
893 1092
893 1095
893 1111
893 1115
893 1132
893 1140
893 1142
893 1161
893 1168
893 1175
893 1183
893 1190
893 1196
893 1236
893 1240
894 0
894 457
894 1063
894 1082
894 1092
894 1188
894 1212
894 1240
895 0
895 382
895 1056
895 1071
895 1196
895 1212
895 1231
896 0
896 1044
896 1055
896 1056
896 1058
896 1095
896 1196
896 1210
897 0
897 1226
898 0
898 1055
898 1092
898 1110
898 1138
898 1140
898 1156
898 1161
898 1201
899 0
899 1037
899 1055
899 1057
899 1058
899 1062
899 1092
899 1095
899 1140
899 1152
899 1175
899 1183
899 1196
899 1236
899 1240
900 0
900 1055
901 0
901 1057
901 1092
901 1102
902 0
902 163
902 406
902 700
902 715
902 841
902 853
902 916
902 1047
902 1055
902 1058
902 1070
902 1099
902 1132
902 1140
902 1175
902 1197
902 1205
902 1209
902 1212
903 0
903 29
903 602
903 1212
904 0
904 105
904 371
904 380
904 539
904 697
904 715
904 768
904 777
904 814
904 1042
904 1047
904 1055
904 1074
904 1078
904 1089
904 1092
904 1105
904 1152
904 1161
904 1168
904 1180
904 1236
905 0
905 371
905 1038
905 1044
905 1047
905 1054
905 1056
905 1058
905 1062
905 1081
905 1093
905 1095
905 1126
905 1127
905 1156
905 1161
905 1182
905 1186
905 1195
905 1196
905 1212
905 1242
906 0
906 203
906 408
906 856
906 1076
906 1102
906 1110
906 1134
906 1178
906 1209
906 1212
907 0
907 1058
907 1196
908 0
908 845
908 1209
908 1212
909 0
909 841
909 1055
909 1062
909 1081
909 1102
909 1117
909 1160
909 1161
909 1162
909 1172
909 1182
909 1196
909 1209
909 1212
910 0
910 371
910 406
910 745
910 1047
910 1055
910 1058
910 1070
910 1156
910 1166
910 1218
911 0
911 649
911 1057
911 1110
911 1114
911 1140
911 1142
911 1153
911 1160
911 1209
912 0
912 371
912 1058
912 1161
912 1166
912 1196
913 0
913 1107
913 1132
913 1154
913 1156
913 1209
914 0
914 1064
914 1095
914 1209
914 1212
915 0
915 1092
915 1164
915 1212
915 1231
916 0
916 156
916 163
916 406
916 700
916 714
916 715
916 1038
916 1047
916 1055
916 1058
916 1082
916 1092
916 1099
916 1105
916 1132
916 1140
916 1156
916 1160
916 1205
916 1212
916 1216
917 0
917 172
917 371
917 391
917 480
917 693
917 1026
917 1056
917 1058
917 1070
917 1114
918 0
918 172
918 807
918 841
918 1047
918 1055
918 1058
918 1138
918 1140
918 1156
918 1161
918 1182
918 1195
918 1196
918 1240
919 0
919 480
919 1056
919 1092
919 1095
919 1140
919 1161
919 1191
919 1212
919 1221
920 0
920 146
920 505
920 718
920 799
920 849
920 1030
920 1055
920 1056
920 1095
920 1113
920 1154
920 1212
921 0
921 474
921 1044
921 1047
921 1048
921 1055
921 1058
921 1059
921 1066
921 1081
921 1094
921 1100
921 1129
921 1161
921 1188
921 1203
921 1216
921 1222
921 1230
921 1235
921 1240
922 0
922 1044
922 1047
922 1057
922 1058
922 1081
922 1160
922 1161
922 1196
923 0
923 1196
924 0
924 371
924 1047
924 1055
924 1056
924 1062
924 1063
924 1081
924 1161
924 1196
924 1212
925 0
925 2
925 158
925 621
925 690
925 767
925 1044
925 1058
925 1065
925 1075
925 1079
925 1082
925 1095
925 1128
925 1151
925 1196
925 1209
925 1220
925 1224
925 1237
925 1240
926 0
926 619
926 661
926 1047
926 1055
926 1201
926 1232
927 0
927 493
927 715
927 814
927 841
927 925
927 1051
927 1055
927 1058
927 1062
927 1095
927 1196
927 1209
927 1228
927 1229
928 0
928 505
928 1027
928 1030
928 1044
928 1058
928 1102
928 1140
928 1162
928 1178
928 1196
928 1212
929 0
929 1178
929 1212
929 1221
930 0
930 480
930 682
930 1092
930 1127
930 1140
930 1178
930 1182
930 1196
931 0
931 732
931 768
931 1038
931 1039
931 1055
931 1092
931 1108
931 1127
931 1168
931 1180
931 1213
931 1221
931 1236
931 1240
932 0
932 1077
932 1110
932 1189
932 1192
932 1228
933 0
934 0
935 0
935 1055
935 1116
935 1134
936 0
936 90
936 400
936 621
936 762
936 841
936 1036
936 1055
936 1116
936 1140
936 1196
936 1226
936 1241
937 0
937 1055
937 1071
937 1208
938 0
938 173
938 1047
938 1055
938 1058
938 1092
939 0
940 0
940 505
940 718
940 1044
941 0
941 364
941 1047
941 1140
941 1156
941 1161
941 1196
942 0
942 229
942 371
942 912
942 1055
942 1082
942 1133
942 1152
942 1166
943 0
943 226
943 467
943 615
943 1076
943 1079
943 1095
943 1162
943 1209
944 0
944 150
944 921
944 1036
944 1044
944 1055
944 1058
944 1059
944 1066
944 1094
944 1100
944 1129
944 1161
944 1175
944 1188
944 1196
944 1203
944 1216
944 1222
944 1235
944 1240
945 0
945 1054
945 1057
945 1058
945 1095
945 1178
945 1212
946 0
946 150
946 371
946 406
946 474
946 921
946 1044
946 1047
946 1048
946 1055
946 1058
946 1059
946 1066
946 1070
946 1094
946 1100
946 1101
946 1129
946 1156
946 1161
946 1175
946 1188
946 1196
946 1203
946 1230
946 1235
946 1240
947 0
947 1055
947 1062
947 1234
948 0
948 1127
948 1196
948 1231
949 0
949 505
949 862
949 1055
949 1058
949 1113
949 1209
949 1212
950 0
950 197
950 457
950 645
950 1044
950 1055
950 1056
950 1058
950 1061
950 1063
950 1092
950 1094
950 1095
950 1097
950 1108
950 1110
950 1128
950 1142
950 1196
950 1209
950 1212
950 1220
950 1237
950 1240
951 0
951 1076
951 1095
951 1162
951 1209
952 0
952 680
952 1047
952 1055
952 1056
952 1058
952 1064
952 1095
952 1114
952 1115
952 1209
952 1212
952 1216
953 0
953 1047
953 1056
953 1081
953 1092
953 1105
953 1140
953 1161
953 1162
953 1196
953 1210
954 0
954 286
954 1064
954 1107
954 1196
955 0
955 645
955 1044
955 1047
955 1055
955 1056
955 1062
955 1070
955 1081
955 1114
955 1127
955 1161
955 1182
955 1196
955 1205
955 1212
956 0
956 841
957 0
957 1212
958 0
958 1058
958 1059
958 1196
958 1212
959 0
959 98
959 480
959 553
959 715
959 732
959 768
959 829
959 841
959 845
959 846
959 1038
959 1055
959 1056
959 1140
959 1196
959 1221
960 0
960 310
960 371
960 406
960 714
960 1047
960 1070
960 1092
960 1132
960 1140
960 1195
960 1196
961 0
961 103
961 172
961 1070
961 1114
961 1154
961 1209
961 1232
962 0
962 1068
963 0
963 3
963 371
963 1047
963 1055
963 1058
963 1081
963 1161
963 1188
963 1240
964 0
964 715
964 841
964 1046
964 1047
964 1055
964 1058
964 1070
964 1101
964 1127
964 1156
964 1178
964 1182
964 1195
964 1196
964 1200
965 0
965 1055
965 1084
966 0
966 1182
967 0
967 390
967 480
967 1028
967 1047
967 1053
967 1055
967 1056
967 1057
967 1083
967 1095
967 1105
967 1108
967 1111
967 1116
967 1123
967 1126
967 1127
967 1132
967 1133
967 1162
967 1192
967 1196
967 1205
967 1212
967 1228
967 1231
968 0
968 480
968 493
968 715
968 768
968 1047
968 1064
968 1133
968 1168
969 0
970 0
971 0
971 413
971 511
971 615
971 832
971 841
971 1003
972 0
972 1058
972 1140
972 1161
972 1175
972 1196
973 0
974 0
974 480
975 0
975 1065
975 1066
975 1114
975 1141
975 1196
975 1225
976 0
976 1039
976 1056
976 1065
976 1083
976 1095
976 1108
976 1114
976 1127
976 1179
976 1196
977 0
977 337
977 732
977 863
977 1039
977 1055
977 1056
977 1058
977 1083
977 1084
977 1127
977 1132
977 1196
977 1240
978 0
978 3
978 963
978 1058
978 1161
978 1196
978 1218
979 0
979 826
979 1044
979 1047
979 1055
979 1056
979 1060
979 1076
979 1095
979 1101
979 1156
979 1161
979 1196
979 1212
980 0
980 1047
980 1058
980 1092
980 1166
980 1196
981 0
981 62
981 442
981 480
981 633
981 1110
981 1140
982 0
982 1055
982 1056
982 1218
983 0
983 1095
983 1178
983 1209
983 1212
984 0
984 615
984 1039
984 1056
984 1062
984 1108
984 1116
984 1132
984 1156
984 1161
984 1166
984 1192
985 0
985 371
985 975
985 1038
985 1044
985 1047
985 1055
985 1063
985 1066
985 1076
985 1081
985 1161
985 1164
985 1188
985 1196
985 1209
985 1236
985 1240
986 0
987 0
987 1068
987 1095
988 0
989 0
989 1047
989 1055
989 1058
989 1063
989 1064
989 1082
989 1092
989 1094
989 1154
989 1161
989 1212
989 1240
990 0
990 371
990 1047
990 1082
990 1084
990 1092
990 1105
990 1127
990 1161
990 1191
990 1196
991 0
991 393
991 1055
991 1058
991 1161
992 0
992 105
992 403
992 739
992 1042
993 0
993 274
993 480
993 759
993 1055
993 1056
993 1058
993 1161
994 0
994 453
994 1134
994 1196
995 0
995 488
995 633
995 689
995 1064
995 1231
996 0
996 715
996 1055
996 1121
996 1168
996 1196
996 1229
996 1236
997 0
997 296
997 615
997 1044
997 1055
997 1084
997 1090
997 1092
997 1156
997 1166
997 1199
997 1240
998 0
999 0
999 615
999 1044
999 1047
999 1057
999 1070
999 1101
999 1140
999 1156
999 1160
999 1175
999 1190
1000 0
1000 845
1000 1076
1000 1095
1000 1164
1000 1209
1000 1218
1001 0
1001 1055
1001 1161
1002 0
1002 1095
1002 1125
1002 1209
1002 1212
1003 0
1003 203
1003 372
1003 425
1003 511
1003 615
1003 718
1003 755
1003 951
1003 1076
1003 1110
1003 1116
1004 0
1004 1064
1004 1178
1004 1212
1005 0
1005 29
1005 371
1005 406
1005 480
1005 655
1005 714
1005 841
1005 1047
1005 1055
1005 1056
1005 1063
1005 1070
1005 1105
1005 1140
1005 1148
1005 1156
1005 1196
1005 1242
1006 0
1006 693
1006 768
1006 1058
1006 1113
1006 1175
1007 0
1007 68
1007 371
1007 1036
1007 1044
1007 1047
1007 1050
1007 1055
1007 1056
1007 1066
1007 1070
1007 1081
1007 1082
1007 1106
1007 1124
1007 1127
1007 1132
1007 1140
1007 1141
1007 1156
1007 1161
1007 1180
1007 1182
1007 1195
1007 1196
1007 1201
1007 1205
1007 1216
1008 0
1008 1055
1008 1160
1008 1167
1008 1208
1009 0
1009 1058
1010 0
1010 472
1010 718
1010 1055
1010 1058
1010 1081
1010 1215
1011 0
1011 1055
1011 1203
1012 0
1013 0
1013 645
1013 1055
1013 1056
1013 1062
1013 1092
1013 1196
1013 1240
1014 0
1014 247
1014 406
1014 979
1014 1047
1014 1055
1014 1095
1014 1162
1014 1196
1014 1209
1014 1212
1015 0
1015 406
1015 1036
1015 1044
1015 1047
1015 1055
1015 1056
1015 1058
1015 1059
1015 1062
1015 1070
1015 1092
1015 1095
1015 1105
1015 1140
1015 1156
1015 1180
1015 1195
1015 1196
1015 1223
1015 1240
1016 0
1016 246
1016 364
1016 406
1016 444
1016 480
1016 655
1016 693
1016 774
1016 1007
1016 1047
1016 1050
1016 1056
1016 1058
1016 1095
1016 1101
1016 1105
1016 1119
1016 1132
1016 1196
1016 1218
1017 0
1017 615
1017 727
1017 1057
1017 1058
1017 1101
1017 1212
1017 1231
1018 0
1018 714
1018 854
1018 1007
1018 1047
1018 1055
1019 0
1019 1068
1020 0
1020 1152
1020 1156
1021 0
1021 1044
1021 1055
1021 1062
1021 1064
1021 1069
1021 1073
1021 1092
1021 1166
1021 1183
1021 1193
1021 1196
1021 1240
1022 0
1022 1058
1022 1066
1022 1132
1022 1161
1022 1196
1023 0
1023 1068
1023 1155
1024 0
1024 1056
1025 0
1025 1044
1025 1047
1025 1050
1025 1055
1025 1059
1025 1094
1025 1188
1025 1203
1026 0
1026 391
1026 807
1026 1055
1026 1056
1026 1081
1026 1102
1026 1196
1026 1209
1027 0
1027 731
1027 849
1027 1140
1028 0
1028 382
1028 1038
1028 1039
1028 1047
1028 1055
1028 1056
1028 1059
1028 1076
1028 1092
1028 1095
1028 1111
1028 1127
1028 1133
1028 1161
1028 1162
1028 1182
1028 1196
1028 1221
1028 1233
1028 1240
1029 0
1029 56
1029 1056
1029 1062
1029 1081
1029 1102
1029 1138
1029 1161
1029 1180
1029 1196
1029 1238
1030 0
1030 371
1030 480
1030 1056
1030 1082
1030 1092
1030 1201
1030 1230
1030 1232
1030 1237
1031 0
1031 1058
1031 1070
1031 1212
1032 0
1032 265
1032 1055
1032 1196
1033 0
1033 1140
1033 1151
1033 1209
1034 0
1034 483
1034 1047
1034 1055
1034 1058
1034 1081
1034 1139
1034 1161
1034 1196
1034 1240
1035 0
1035 463
1035 1047
1035 1056
1035 1061
1035 1076
1035 1095
1035 1127
1035 1153
1035 1196
1035 1209
1036 1047
1036 1055
1036 1062
1036 1063
1036 1084
1036 1092
1036 1098
1036 1112
1036 1156
1036 1161
1036 1196
1036 1216
1037 1057
1037 1183
1037 1196
1038 1039
1038 1042
1038 1044
1038 1047
1038 1056
1038 1076
1038 1082
1038 1102
1038 1108
1038 1127
1038 1161
1038 1166
1038 1168
1038 1179
1038 1196
1038 1209
1038 1213
1038 1228
1039 1046
1039 1055
1039 1056
1039 1062
1039 1081
1039 1132
1039 1146
1039 1196
1039 1238
1039 1240
1040 1044
1040 1053
1040 1055
1040 1056
1040 1057
1040 1061
1040 1062
1040 1064
1040 1081
1040 1095
1040 1123
1040 1152
1040 1160
1040 1182
1040 1186
1040 1196
1040 1208
1040 1228
1040 1238
1041 1047
1041 1056
1041 1058
1041 1062
1041 1070
1041 1092
1041 1095
1041 1114
1041 1209
1041 1212
1041 1216
1041 1238
1041 1240
1042 1152
1044 1055
1044 1057
1044 1060
1044 1061
1044 1081
1044 1095
1044 1152
1044 1160
1044 1192
1044 1196
1044 1238
1045 1175
1047 1044
1047 1050
1047 1055
1047 1056
1047 1057
1047 1060
1047 1061
1047 1062
1047 1064
1047 1081
1047 1095
1047 1156
1047 1161
1047 1192
1047 1196
1047 1209
1047 1240
1048 1037
1048 1046
1048 1055
1048 1062
1048 1077
1048 1081
1048 1095
1048 1102
1048 1123
1048 1132
1048 1161
1048 1162
1048 1196
1048 1212
1049 1095
1050 1044
1050 1048
1050 1055
1050 1081
1050 1102
1050 1132
1050 1139
1050 1161
1050 1196
1051 1057
1051 1196
1051 1209
1051 1228
1052 1037
1052 1057
1052 1081
1052 1095
1052 1102
1052 1110
1052 1160
1052 1162
1052 1164
1052 1196
1053 1057
1053 1064
1053 1124
1053 1196
1054 1102
1054 1110
1054 1162
1054 1178
1054 1212
1054 1228
1054 1244
1055 1061
1055 1095
1055 1102
1055 1110
1055 1115
1055 1162
1055 1164
1055 1196
1055 1212
1056 1053
1056 1057
1056 1062
1056 1081
1056 1095
1056 1124
1056 1126
1056 1196
1056 1212
1057 1095
1057 1196
1057 1212
1058 1044
1058 1054
1058 1055
1058 1061
1058 1062
1058 1063
1058 1064
1058 1081
1058 1095
1058 1161
1058 1162
1058 1196
1058 1212
1059 1044
1059 1047
1059 1050
1059 1053
1059 1055
1059 1056
1059 1058
1059 1062
1059 1081
1059 1082
1059 1092
1059 1095
1059 1114
1059 1123
1059 1132
1059 1147
1059 1161
1059 1175
1059 1216
1059 1240
1060 1244
1061 1164
1061 1178
1061 1196
1062 1037
1062 1055
1062 1061
1062 1064
1062 1115
1062 1164
1062 1196
1062 1212
1063 1196
1064 1162
1064 1212
1064 1244
1065 1044
1065 1056
1065 1081
1065 1095
1065 1196
1065 1209
1066 1044
1066 1055
1066 1056
1066 1081
1066 1095
1066 1126
1066 1132
1066 1146
1066 1161
1066 1164
1066 1196
1066 1209
1066 1225
1069 1044
1069 1047
1069 1055
1069 1058
1069 1064
1069 1092
1069 1161
1069 1196
1069 1218
1069 1240
1070 1044
1070 1047
1070 1055
1070 1056
1070 1058
1070 1061
1070 1062
1070 1063
1070 1092
1070 1101
1070 1114
1070 1131
1070 1154
1070 1156
1070 1161
1070 1192
1070 1195
1070 1196
1070 1218
1070 1240
1071 1148
1071 1175
1071 1242
1072 1046
1072 1055
1072 1063
1072 1081
1072 1095
1072 1161
1072 1196
1072 1238
1074 1044
1074 1056
1074 1105
1074 1123
1074 1168
1074 1196
1075 1056
1075 1075
1075 1126
1076 1095
1076 1097
1076 1110
1076 1154
1076 1164
1076 1178
1076 1212
1077 1095
1077 1192
1077 1196
1078 1055
1078 1095
1078 1098
1078 1184
1079 1047
1079 1051
1079 1055
1079 1056
1079 1062
1079 1095
1079 1114
1079 1156
1079 1168
1079 1196
1079 1209
1079 1231
1080 1044
1080 1055
1080 1058
1080 1107
1080 1124
1080 1132
1080 1156
1081 1057
1081 1061
1081 1095
1081 1102
1081 1110
1081 1160
1081 1162
1081 1164
1081 1196
1082 1073
1082 1104
1082 1147
1082 1150
1083 1044
1083 1047
1083 1055
1083 1056
1083 1057
1083 1058
1083 1081
1083 1092
1083 1095
1083 1101
1083 1195
1083 1196
1083 1212
1083 1240
1084 1047
1084 1055
1084 1056
1084 1062
1084 1092
1084 1095
1084 1156
1084 1161
1084 1168
1084 1180
1084 1196
1084 1200
1084 1240
1085 1152
1086 1044
1086 1046
1086 1048
1086 1055
1086 1062
1086 1123
1086 1132
1086 1161
1086 1196
1086 1203
1086 1240
1088 1037
1088 1044
1088 1046
1088 1055
1088 1062
1088 1068
1088 1071
1088 1092
1088 1105
1088 1148
1088 1175
1088 1196
1088 1198
1088 1202
1088 1220
1088 1238
1088 1243
1089 1044
1089 1047
1089 1050
1089 1055
1089 1063
1089 1102
1089 1161
1089 1162
1089 1196
1089 1240
1090 1047
1090 1055
1090 1056
1090 1058
1090 1092
1090 1196
1090 1199
1090 1200
1091 1055
1091 1056
1091 1058
1091 1062
1091 1084
1091 1095
1091 1156
1091 1161
1091 1168
1091 1180
1091 1196
1091 1200
1092 1037
1092 1044
1092 1046
1092 1048
1092 1054
1092 1055
1092 1060
1092 1061
1092 1062
1092 1081
1092 1099
1092 1117
1092 1132
1092 1138
1092 1146
1092 1153
1092 1156
1092 1161
1092 1177
1092 1182
1092 1196
1092 1202
1092 1209
1092 1212
1092 1218
1092 1228
1092 1238
1092 1240
1094 1044
1094 1047
1094 1054
1094 1055
1094 1056
1094 1058
1094 1062
1094 1092
1094 1095
1094 1152
1094 1156
1095 1097
1095 1102
1095 1110
1095 1162
1095 1178
1095 1212
1095 1228
1096 1037
1096 1057
1096 1064
1096 1095
1096 1152
1096 1160
1096 1177
1096 1196
1097 1102
1097 1178
1097 1212
1097 1228
1098 1152
1099 1113
1099 1212
1100 1044
1100 1047
1100 1055
1100 1058
1100 1070
1100 1094
1100 1156
1100 1162
1100 1175
1100 1196
1100 1240
1101 1044
1101 1047
1101 1055
1101 1057
1101 1058
1101 1076
1101 1096
1101 1114
1101 1132
1101 1152
1101 1181
1101 1195
1101 1197
1102 1212
1103 1055
1103 1153
1103 1164
1103 1196
1105 1044
1105 1047
1105 1055
1105 1056
1105 1058
1105 1061
1105 1062
1105 1081
1105 1092
1105 1156
1105 1161
1105 1192
1105 1196
1105 1197
1105 1215
1106 1044
1106 1055
1106 1056
1106 1061
1106 1062
1106 1075
1106 1081
1106 1101
1106 1105
1106 1116
1106 1126
1106 1133
1106 1169
1106 1196
1106 1217
1106 1231
1108 1039
1108 1044
1108 1056
1108 1092
1108 1132
1108 1161
1108 1196
1108 1220
1109 1164
1110 1102
1110 1212
1111 1039
1111 1044
1111 1047
1111 1055
1111 1056
1111 1058
1111 1070
1111 1081
1111 1083
1111 1095
1111 1101
1111 1127
1111 1133
1111 1161
1111 1169
1111 1195
1111 1196
1111 1221
1111 1240
1112 1048
1112 1056
1112 1057
1112 1081
1112 1092
1112 1095
1112 1105
1112 1116
1112 1124
1112 1156
1112 1161
1112 1162
1112 1192
1113 1102
1113 1178
1113 1212
1114 1055
1114 1062
1114 1095
1114 1099
1114 1153
1114 1154
1114 1209
1114 1220
1114 1238
1115 1178
1115 1212
1116 1056
1116 1062
1116 1081
1116 1117
1116 1126
1116 1241
1117 1037
1117 1053
1117 1055
1117 1056
1117 1057
1117 1062
1117 1081
1117 1095
1117 1123
1117 1124
1117 1126
1117 1132
1117 1196
1117 1212
1118 1054
1118 1077
1118 1095
1118 1192
1118 1196
1119 1037
1119 1044
1119 1046
1119 1052
1119 1054
1119 1055
1119 1057
1119 1061
1119 1062
1119 1081
1119 1092
1119 1095
1119 1154
1119 1183
1119 1209
1119 1218
1119 1238
1120 1044
1120 1048
1120 1055
1120 1058
1120 1062
1120 1095
1120 1099
1120 1114
1120 1132
1120 1153
1120 1154
1120 1161
1120 1209
1120 1212
1120 1240
1122 1052
1122 1058
1122 1062
1122 1081
1122 1095
1122 1196
1122 1209
1122 1220
1122 1238
1123 1095
1123 1164
1124 1098
1124 1107
1124 1124
1124 1152
1125 1044
1125 1055
1125 1056
1125 1062
1125 1092
1125 1196
1125 1220
1125 1240
1126 1037
1126 1064
1126 1081
1126 1095
1126 1097
1126 1123
1126 1124
1126 1132
1126 1196
1126 1212
1126 1238
1127 1039
1127 1044
1127 1047
1127 1055
1127 1056
1127 1060
1127 1061
1127 1062
1127 1070
1127 1081
1127 1082
1127 1095
1127 1101
1127 1114
1127 1115
1127 1134
1127 1161
1127 1169
1127 1182
1127 1186
1127 1195
1127 1196
1127 1209
1127 1217
1127 1237
1128 1044
1128 1056
1128 1081
1128 1095
1128 1123
1128 1132
1128 1161
1128 1196
1128 1212
1129 1044
1129 1046
1129 1047
1129 1052
1129 1055
1129 1058
1129 1061
1129 1062
1129 1081
1129 1115
1129 1132
1129 1139
1129 1160
1129 1161
1129 1170
1129 1195
1129 1196
1129 1203
1129 1209
1129 1210
1129 1240
1130 1037
1130 1046
1130 1048
1130 1055
1130 1061
1130 1062
1130 1064
1130 1081
1130 1085
1130 1113
1130 1139
1130 1146
1130 1161
1130 1183
1130 1186
1130 1196
1130 1238
1130 1240
1130 1241
1131 1152
1132 1062
1132 1098
1132 1124
1132 1152
1133 1056
1133 1062
1133 1160
1136 1046
1136 1055
1136 1062
1136 1081
1136 1115
1136 1132
1136 1164
1136 1175
1136 1196
1138 1046
1138 1055
1138 1077
1138 1081
1138 1095
1138 1132
1138 1146
1138 1161
1138 1196
1138 1238
1139 1178
1139 1212
1140 1044
1140 1055
1140 1056
1140 1068
1140 1101
1140 1105
1140 1161
1140 1192
1140 1196
1140 1197
1141 1047
1141 1055
1141 1058
1141 1062
1141 1066
1141 1082
1141 1180
1141 1196
1142 1046
1142 1047
1142 1048
1142 1050
1142 1055
1142 1058
1142 1063
1142 1081
1142 1092
1142 1095
1142 1102
1142 1132
1142 1162
1142 1168
1142 1182
1142 1186
1142 1196
1142 1209
1142 1220
1142 1235
1142 1238
1142 1240
1143 1037
1143 1046
1143 1055
1143 1056
1143 1057
1143 1062
1143 1063
1143 1095
1143 1102
1143 1132
1143 1146
1143 1196
1143 1218
1143 1220
1143 1238
1143 1244
1146 1037
1146 1061
1146 1095
1146 1113
1146 1164
1146 1183
1146 1196
1149 1134
1151 1037
1151 1057
1151 1064
1151 1114
1151 1146
1151 1168
1151 1209
1151 1216
1151 1218
1151 1238
1151 1242
1153 1054
1153 1095
1153 1099
1153 1102
1153 1113
1153 1162
1153 1212
1154 1054
1154 1057
1154 1095
1154 1102
1154 1110
1154 1139
1154 1162
1154 1178
1154 1212
1156 1046
1156 1050
1156 1055
1156 1056
1156 1062
1156 1081
1156 1098
1156 1124
1156 1128
1156 1132
1156 1152
1156 1161
1156 1175
1156 1202
1157 1044
1157 1055
1157 1062
1157 1161
1157 1175
1157 1196
1158 1152
1159 1051
1159 1095
1159 1168
1159 1209
1160 1057
1160 1196
1161 1046
1161 1054
1161 1055
1161 1061
1161 1062
1161 1063
1161 1081
1161 1095
1161 1102
1161 1123
1161 1196
1161 1212
1162 1102
1162 1212
1163 1137
1163 1163
1163 1211
1165 1043
1166 1055
1166 1058
1166 1095
1166 1105
1166 1156
1166 1168
1166 1203
1167 1053
1167 1076
1167 1081
1167 1160
1167 1196
1168 1056
1168 1064
1168 1092
1168 1095
1168 1102
1168 1132
1168 1180
1168 1196
1168 1209
1168 1212
1169 1054
1169 1056
1169 1064
1169 1075
1169 1076
1169 1095
1169 1116
1169 1117
1169 1126
1169 1133
1169 1134
1169 1161
1169 1196
1169 1209
1169 1212
1169 1218
1170 1037
1170 1046
1170 1054
1170 1055
1170 1057
1170 1061
1170 1062
1170 1067
1170 1081
1170 1095
1170 1098
1170 1123
1170 1124
1170 1132
1170 1134
1170 1146
1170 1154
1170 1161
1170 1165
1170 1196
1170 1206
1172 1046
1172 1047
1172 1048
1172 1050
1172 1055
1172 1056
1172 1058
1172 1081
1172 1092
1172 1095
1172 1102
1172 1132
1172 1162
1172 1168
1172 1182
1172 1186
1172 1196
1172 1209
1172 1220
1172 1235
1172 1238
1172 1240
1173 1155
1173 1163
1173 1175
1177 1037
1177 1054
1177 1057
1177 1061
1177 1095
1177 1183
1177 1196
1178 1095
1178 1102
1178 1113
1178 1178
1178 1212
1178 1244
1179 1044
1179 1047
1179 1055
1179 1056
1179 1058
1179 1092
1179 1101
1179 1108
1179 1114
1179 1128
1179 1132
1179 1180
1179 1195
1179 1231
1179 1238
1179 1240
1180 1055
1180 1061
1180 1062
1180 1124
1180 1132
1180 1156
1181 1044
1181 1055
1181 1057
1181 1061
1181 1196
1182 1046
1182 1054
1182 1055
1182 1062
1182 1081
1182 1095
1182 1161
1182 1196
1182 1218
1183 1054
1183 1057
1183 1095
1183 1196
1183 1212
1185 1110
1185 1162
1186 1055
1186 1081
1186 1095
1186 1162
1186 1196
1187 1064
1188 1044
1188 1047
1188 1055
1188 1058
1188 1062
1188 1063
1188 1092
1188 1101
1188 1155
1188 1161
1188 1182
1188 1196
1188 1203
1188 1240
1189 1055
1189 1095
1189 1192
1189 1196
1189 1218
1189 1238
1190 1046
1190 1055
1190 1056
1190 1058
1190 1081
1190 1095
1190 1132
1190 1139
1190 1146
1190 1175
1190 1177
1190 1196
1190 1238
1190 1240
1191 1054
1191 1055
1191 1056
1191 1058
1191 1062
1191 1084
1191 1116
1191 1174
1192 1196
1193 1056
1193 1209
1194 1053
1194 1064
1194 1096
1194 1160
1194 1194
1194 1196
1195 1044
1195 1047
1195 1055
1195 1056
1195 1062
1195 1092
1195 1095
1195 1117
1195 1132
1195 1156
1195 1161
1195 1209
1195 1210
1195 1240
1196 1102
1196 1162
1196 1212
1196 1244
1197 1055
1197 1057
1197 1212
1200 1044
1200 1056
1200 1057
1200 1058
1200 1095
1200 1196
1200 1199
1200 1242
1201 1044
1201 1047
1201 1055
1201 1056
1201 1058
1201 1092
1201 1107
1201 1152
1201 1156
1201 1166
1201 1195
1201 1196
1201 1209
1201 1232
1201 1240
1202 1135
1202 1152
1203 1055
1203 1095
1203 1196
1203 1212
1203 1218
1204 1062
1204 1175
1205 1047
1205 1055
1205 1056
1205 1057
1205 1066
1205 1070
1205 1081
1205 1082
1205 1092
1205 1095
1205 1101
1205 1106
1205 1115
1205 1127
1205 1132
1205 1141
1205 1154
1205 1156
1205 1161
1205 1180
1205 1195
1205 1216
1205 1218
1205 1231
1205 1237
1206 1067
1206 1165
1208 1053
1208 1055
1208 1061
1208 1062
1208 1196
1209 1037
1209 1046
1209 1053
1209 1054
1209 1055
1209 1057
1209 1060
1209 1061
1209 1062
1209 1063
1209 1064
1209 1081
1209 1095
1209 1097
1209 1099
1209 1102
1209 1110
1209 1113
1209 1115
1209 1123
1209 1132
1209 1139
1209 1146
1209 1152
1209 1153
1209 1154
1209 1160
1209 1161
1209 1162
1209 1164
1209 1178
1209 1183
1209 1192
1209 1196
1209 1199
1209 1212
1209 1218
1209 1220
1209 1228
1209 1238
1210 1048
1210 1055
1210 1057
1210 1062
1210 1064
1210 1160
1210 1183
1210 1196
1213 1047
1213 1055
1213 1056
1213 1057
1213 1058
1213 1066
1213 1077
1213 1081
1213 1114
1213 1116
1213 1128
1213 1132
1213 1156
1213 1168
1213 1183
1213 1215
1214 1124
1214 1168
1215 1044
1215 1055
1215 1056
1215 1062
1215 1081
1215 1095
1215 1098
1215 1126
1215 1132
1215 1156
1215 1161
1215 1240
1216 1044
1216 1046
1216 1055
1216 1056
1216 1057
1216 1062
1216 1063
1216 1095
1216 1102
1216 1114
1216 1128
1216 1132
1216 1161
1216 1177
1216 1183
1216 1186
1216 1196
1216 1209
1216 1238
1216 1240
1217 1057
1217 1062
1217 1081
1217 1095
1217 1155
1217 1161
1217 1196
1217 1212
1218 1046
1218 1054
1218 1055
1218 1060
1218 1068
1218 1076
1218 1081
1218 1095
1218 1196
1220 1054
1220 1062
1220 1095
1221 1056
1221 1070
1221 1127
1221 1156
1221 1188
1221 1196
1222 1044
1222 1047
1222 1055
1222 1056
1222 1058
1222 1064
1222 1070
1222 1090
1222 1092
1222 1116
1222 1122
1222 1127
1222 1156
1222 1166
1222 1182
1222 1186
1222 1196
1222 1199
1222 1200
1222 1220
1222 1231
1222 1236
1222 1238
1222 1242
1223 1044
1223 1047
1223 1055
1223 1058
1223 1062
1223 1081
1223 1092
1223 1095
1223 1114
1223 1156
1223 1196
1223 1212
1223 1238
1223 1240
1224 1044
1224 1054
1224 1056
1224 1058
1224 1095
1224 1132
1224 1196
1224 1209
1224 1220
1224 1238
1225 1113
1227 1099
1227 1114
1227 1128
1227 1132
1227 1153
1227 1196
1227 1212
1227 1224
1230 1039
1230 1046
1230 1047
1230 1048
1230 1055
1230 1056
1230 1058
1230 1059
1230 1063
1230 1066
1230 1070
1230 1081
1230 1092
1230 1094
1230 1101
1230 1105
1230 1129
1230 1132
1230 1140
1230 1146
1230 1156
1230 1161
1230 1162
1230 1180
1230 1188
1230 1190
1230 1196
1230 1197
1230 1203
1230 1223
1230 1238
1230 1240
1231 1044
1231 1056
1231 1057
1231 1060
1231 1081
1231 1095
1231 1101
1231 1161
1231 1196
1232 1044
1232 1047
1232 1055
1232 1056
1232 1058
1232 1070
1232 1156
1232 1161
1232 1166
1232 1195
1232 1196
1232 1209
1232 1218
1232 1240
1233 1039
1233 1055
1233 1056
1233 1058
1233 1062
1233 1092
1233 1133
1233 1161
1233 1162
1233 1196
1233 1231
1233 1236
1234 1046
1234 1047
1234 1055
1234 1058
1234 1062
1234 1081
1234 1132
1234 1161
1234 1182
1234 1186
1234 1195
1234 1209
1234 1218
1234 1238
1234 1240
1235 1037
1235 1044
1235 1046
1235 1048
1235 1055
1235 1057
1235 1061
1235 1063
1235 1085
1235 1132
1235 1139
1235 1143
1235 1156
1235 1170
1235 1177
1235 1196
1235 1203
1235 1218
1235 1220
1235 1238
1235 1240
1235 1244
1236 1047
1236 1055
1236 1095
1236 1121
1236 1156
1236 1168
1236 1180
1236 1195
1236 1196
1236 1197
1236 1207
1236 1212
1237 1044
1237 1046
1237 1047
1237 1048
1237 1055
1237 1058
1237 1062
1237 1066
1237 1081
1237 1082
1237 1105
1237 1114
1237 1126
1237 1128
1237 1145
1237 1156
1237 1161
1237 1180
1237 1195
1237 1196
1237 1203
1237 1212
1237 1228
1237 1240
1238 1046
1238 1055
1238 1057
1238 1062
1238 1081
1238 1095
1238 1123
1238 1124
1238 1162
1238 1192
1238 1196
1240 1044
1240 1048
1240 1054
1240 1061
1240 1062
1240 1063
1240 1081
1240 1085
1240 1095
1240 1132
1240 1139
1240 1152
1240 1161
1240 1192
1240 1196
1240 1238
1241 1068
1241 1212
1242 1164
1242 1196
1243 1196
